230
261
340
484
721
888
1002
1206
1439
1613
1914
2005
2163
2177
2505
2517
2634
2975
3234
3286
3328
3374
3390
3506
3548
3644
3869
3917
4050
4245
4516
4626
4637
4709
4948
5003
5108
5135
5342
5420
5555
5605
5650
5809
5857
6017
6094
6135
6147
6176
6327
6365
6400
6447
6679
6763
6834
6970
7077
7092
7248
7288
7302
7328
7540
7556
7605
7907
8119
8152
8219
8359
8442
8515
8522
8528
8590
8598
8608
8776
8841
8984
8989
9018
9100
9163
9462
9657
9748
9982
10167
10344
10392
10509
10644
10644
10735
10764
10874
10896
10911
11209
11290
11319
11351
11370
11391
11663
11689
11695
11716
11733
11844
11898
12089
12120
12191
12195
12203
12381
12404
12429
12594
12595
12799
13025
13129
13247
13281
13449
13476
13606
13683
13744
13933
14015
14303
14451
14477
14592
14706
14838
15002
15044
15128
15171
15250
15296
15370
15375
15515
15693
15744
15823
15844
15877
16006
16115
16397
16499
16605
16611
16646
16724
16743
16819
16822
16938
16973
16976
17046
17305
17331
17455
17628
17894
17906
17942
18003
18282
18322
18509
18688
18880
18922
19226
19226
19249
19349
19352
19371
19386
19448
19522
19876
19907
20095
20250
20678
20679
20703
20733
20797
20889
20957
20967
21023
21038
21063
21068
21073
21147
21532
21684
21915
21921
22189
22402
22492
22509
22582
22596
22668
22741
22834
23432
23511
23797
23889
24095
24215
24286
24317
24345
24440
24458
24490
24970
24978
25010
25241
25353
25489
25587
25638
25663
25694
25830
26221
26309
26480
26613
26656
26928
26930
27080
27123
27160
27233
27468
27538
27575
27607
27989
28053
28115
28117
28135
28211
28215
28454
28538
28586
28702
29079
29279
29330
29467
29569
29623
29629
29850
29903
29972
30101
30144
30181
30263
30334
30342
30343
30460
30503
30565
30574
30607
30632
30644
30685
30701
30993
31003
31065
31122
31127
31146
31222
31326
31757
31833
31867
32022
32130
32152
32189
32239
32400
32413
32567
32579
32881
33204
33520
33539
33542
33544
33624
34054
34195
34319
34475
34508
34574
34729
34777
34943
34973
35070
35145
35436
35477
35515
35639
35876
35890
35932
35979
35988
36070
36147
36180
36410
36411
36438
36516
36567
36590
36696
36716
36762
36778
36936
37015
37026
37333
37460
37492
37532
37589
37611
37880
38225
38372
38518
38531
38775
38940
39037
39125
39165
39180
39189
39374
39514
39520
39731
39748
39766
39927
40001
40068
40096
40114
40122
40145
40153
40406
40452
40581
40677
40681
40976
40984
41048
41159
41237
41261
41263
41540
41771
41849
41888
42054
42096
42132
42214
42514
42616
42652
42751
42805
43093
43155
43243
43288
43419
43536
43666
43800
43925
43983
44004
44007
44166
44316
44450
44462
44518
44519
44630
44660
44669
44985
45037
45088
45159
45218
45273
45383
45399
45519
45677
45683
45695
45771
45844
45997
46040
46255
46301
46493
46532
46567
46675
46683
47057
47073
47270
47468
47605
48225
48239
48284
48336
48376
48422
48425
48577
48678
48725
48728
49003
49119
49127
49919
49989
50003
50047
50249
50713
50731
50832
50996
51536
51641
51660
51748
51814
51833
51970
52005
52241
52290
52318
52378
52395
52461
52483
52535
52601
52653
52817
52899
53034
53040
53063
53132
53168
53175
53348
53369
53458
53504
53507
53547
53579
53600
53640
53849
53880
53997
54070
54116
54269
54342
54520
54520
54746
54762
54766
54814
55163
55175
55181
55495
55574
55642
55697
55719
55730
55922
55936
55974
55990
56196
56236
56357
56568
56625
56679
56750
56755
56772
56790
56821
56901
57077
57125
57168
57214
57228
57304
57315
57366
57520
57562
57655
57712
57724
57742
57922
57925
57978
58006
58041
58095
58131
58169
58228
58271
58441
58529
58541
58723
58873
58885
59073
59286
59319
59351
59369
59525
59728
59935
60057
60074
60122
60239
60245
60248
60260
60490
60567
60570
60801
60874
60919
60957
61053
61172
61212
61301
61376
61471
61503
61554
61694
61733
61799
61816
61874
61902
62071
62122
62157
62211
62245
62262
62384
62562
62607
62732
62754
62803
62849
62934
62953
62977
62996
63155
63173
63189
63269
63279
63289
63481
63483
63567
63665
63715
63936
63979
64005
64160
64281
64377
64453
64454
64609
64762
64848
64913
65039
65498
65499
65546
65898
66092
66110
66123
66181
66220
66332
66530
66587
66754
66776
66907
66920
66921
66979
67001
67003
67143
67339
67370
67498
67509
67533
68031
68052
68063
68119
68199
68214
68235
68567
68628
68722
68729
68802
68970
69016
69155
69298
69360
69363
69455
69532
69612
69618
69660
69670
69721
69757
69902
70216
70267
70279
70320
70469
70524
70541
70807
70808
70815
70876
70983
70988
71004
71116
71432
71611
71948
72051
72158
72445
72578
72640
72771
72820
72878
72966
73212
73218
73294
73306
73337
73508
73602
73643
73761
73786
73990
74054
74131
74210
74657
74709
74723
74862
74905
74911
74946
74968
75466
75486
75688
75770
75925
76209
76261
76299
76378
76408
76425
76552
76642
76713
76796
76910
77002
77366
77646
77713
77785
77981
78059
78161
78644
78690
78753
79027
79038
79045
79046
79086
79127
79162
79277
79293
79541
79803
79883
79965
80197
80472
80510
80559
81005
81246
81260
81426
81470
81660
81729
81764
81852
81858
81871
81890
81904
81929
81979
81993
82022
82030
82078
82235
82569
82886
82975
83011
83058
83230
83238
83402
83432
83521
83656
83825
83865
83871
84525
84531
84598
84739
84762
84973
85164
85200
85205
85215
85602
85887
85924
85969
86015
86060
86068
86113
86166
86168
86269
86461
86513
86637
86638
86996
87082
87233
87263
87361
87382
87427
87555
87572
87732
87861
88173
88211
88248
88490
88523
88855
88858
88918
88976
89072
89212
89280
89337
89383
89440
89603
89751
89877
89993
90036
90069
90089
90319
90412
90454
90503
90590
90646
90684
90846
91294
91321
91349
91453
91488
91491
91534
91632
91633
91635
91718
91722
91797
91823
92345
92445
92500
92536
92589
92667
92708
92774
92791
92901
92908
92914
93044
93050
93059
93116
93205
93304
93321
93420
93557
93577
93603
93919
94013
94038
94314
94498
94533
94686
94731
94897
94964
94964
95394
95553
95574
95581
95594
95630
95892
96232
96323
96458
96475
96552
97252
97390
97512
97815
97861
97922
98314
98451
98592
98832
98850
98915
98994
99141
99157
99347
99445
99568
99635
99743
99745
99801
99930
99961
100109
100205
100346
100354
100655
100711
100739
100915
100990
101232
101291
101312
101431
101532
101676
101940
101997
102047
102087
102172
102289
102392
102462
102679
102787
102787
103454
103522
103535
103703
103749
103815
103924
104250
104327
104346
104388
104866
104975
105118
105224
105638
105659
105725
105799
106029
106145
106364
106385
106491
106645
106740
106780
106803
107045
107319
107571
107602
107603
107779
107782
107807
107886
107947
107992
108049
108127
108177
108193
108228
108496
108556
108665
108915
108922
108954
109038
109217
109366
109506
109733
109762
109918
110107
110546
110563
110621
110642
110873
110886
111004
111034
111093
111108
111184
111265
111337
111501
111658
111788
112018
112108
112160
112169
112352
112510
112705
112785
112800
112872
113166
113221
113241
113250
113467
113666
113827
113907
114101
114196
114247
114272
114396
114435
114446
114674
114694
114732
114897
114930
114930
115143
115334
115723
115746
115958
116038
116051
116140
116210
116264
116301
116312
116473
116777
116913
117023
117067
117206
117377
117510
117521
117541
117712
117717
117772
117976
118075
118124
118276
118459
118495
119011
119131
119144
119268
119380
119680
119738
119849
119903
119989
119996
120103
120179
120298
120476
120549
120597
120624
120643
120649
120794
121200
121222
121513
121559
121774
122002
122167
122225
122283
122367
122466
122641
122665
122765
122873
122876
123255
123265
123587
123827
123976
124077
124087
124091
124140
124473
124541
124569
124926
124971
124971
125010
125095
125217
125496
125570
125627
125705
125716
126260
126300
126374
126631
126859
126966
126992
127023
127046
127100
127106
127176
127476
127807
127926
128049
128224
128228
128429
128447
128660
128719
128901
128909
128921
128948
129211
129211
129274
129302
129410
129505
129631
129853
129936
129956
129964
130007
130145
130296
130313
130323
130401
130569
130692
130796
130873
130956
131051
131087
131153
131190
131252
131293
131445
131599
131641
131895
132066
132290
132306
132371
132435
132577
132587
132651
132768
133258
133267
133344
133445
134246
134330
134431
134460
134689
134753
135222
135237
135264
135704
136010
136013
136043
136413
136489
136616
136672
136719
136727
136751
136770
137105
137108
137131
137268
137286
137730
137751
137892
138041
138135
138150
138246
138259
138292
138335
138689
138739
139164
139232
139390
139430
139528
139669
140069
140147
140175
140340
140608
140767
140778
141107
141189
141207
141212
141220
141236
141300
141375
141419
141480
141775
141879
141910
141999
142050
142058
142067
142250
142384
142462
142495
142710
142713
142836
142897
142904
143115
143129
143164
143218
143316
143374
143375
143649
143676
143687
144002
144466
144489
144549
144560
144596
144654
144885
144889
144920
145048
145067
145105
145117
145276
145395
145452
145584
145617
145852
145879
145919
146109
146113
146122
146208
146473
146980
147101
147110
147110
147274
147395
147413
147439
147723
147758
147766
147814
147831
147838
147929
147956
148003
148012
148061
148130
148169
148176
148401
148619
148661
148793
148931
148990
149268
149326
149491
149506
149510
149517
149714
149716
149968
150049
150286
150322
150748
150897
151050
151209
151408
151429
151610
151693
151747
151942
151942
151975
152037
152077
152165
152172
152283
152343
152377
152416
152464
152468
152488
152631
152648
152858
152892
152971
153000
153073
153088
153093
153106
153223
153597
153681
153712
153788
153872
153913
153933
154028
154097
154108
154171
154445
154578
154782
154842
154896
154957
154973
155019
155165
155168
155205
155209
155307
155474
155556
155571
155766
155840
156002
156137
156207
156245
156329
156408
156436
156511
156663
156782
156887
157162
157419
157471
157499
157615
157739
157889
157898
157963
157967
158102
158144
158167
158211
158226
158337
158465
158611
158777
158790
159027
159068
159090
159327
159653
159817
159838
159870
159885
160068
160181
160265
160274
160293
160351
160373
160540
160562
160578
160589
160647
160652
160653
160892
161097
161103
161121
161122
161123
161330
161535
161568
161639
161750
161931
162316
162438
162448
162605
162636
162645
162697
162742
162822
162838
162852
163092
163383
163396
163673
163883
163886
164050
164077
164184
164554
164652
164666
164689
164788
165026
165071
165091
165107
165275
165574
165723
165758
165814
165837
165911
165992
166178
166241
166284
166304
166320
166405
166455
166573
166581
166639
166648
166714
166833
167000
167000
167251
167264
167302
167425
167605
167800
167854
167858
167910
168254
168354
168431
168500
168517
168535
168742
168840
168898
168986
169048
169176
169315
169571
169746
169881
169990
170037
170111
170120
170231
170337
170454
170640
170731
170757
170956
171008
171051
171191
171275
171351
171515
171651
171819
171961
171981
172146
172216
172261
172287
172417
172482
172684
172945
172988
173001
173110
173446
173476
173489
173497
173523
173935
173968
174128
174161
174366
174466
174501
175021
175103
175106
175157
175186
175681
175768
175872
175939
175946
176404
176566
176662
176670
176894
177049
177050
177243
177372
177385
177408
177435
177532
177779
177805
178277
178338
178396
178426
178464
178484
178518
178676
178699
178780
179232
179327
179362
179522
179670
179803
180146
180206
180240
180390
180401
180542
180603
180752
180839
180848
180904
180926
180940
181146
181197
181255
181305
181490
181528
181659
181704
181734
182151
182154
182175
182193
182204
182270
182334
182448
182496
182503
182526
182533
182774
182845
182850
183037
183124
183280
183463
183682
183765
183803
183835
183899
184210
184248
184395
184535
184541
184578
184597
184644
184644
184669
184759
184767
184860
185016
185066
185234
185277
185387
185522
185588
185705
185871
185962
186056
186121
186329
186463
186475
186476
186588
186756
186806
187219
187554
187578
187899
188023
188100
188256
188268
188368
188408
188505
188611
188799
188849
188924
188977
189105
189169
189481
189540
189596
189670
189758
189857
189899
189956
190133
190211
190383
190647
190702
190714
190806
190833
190848
190864
190938
190949
191178
191321
191498
191601
191802
191932
192006
192196
192323
192381
192426
192627
192710
192903
192905
192982
192998
193060
193170
193278
193304
193314
193346
193476
193533
193650
193769
193804
193830
193939
194191
194261
194309
194316
194381
194708
194847
194848
194850
194891
194953
195000
195055
195254
195285
195353
195560
195613
195764
195817
195819
195961
196102
196180
196264
196561
196583
196591
196629
196802
196802
196849
196992
197037
197037
197066
197111
197136
197371
197445
197825
197870
197967
197972
198068
198155
198287
198338
198362
198432
198557
198724
198817
198837
198942
198962
198993
199077
199089
199172
199378
199379
199502
199775
199971
200028
200086
200109
200174
200190
200300
200364
200368
200863
200974
201007
201126
201159
201294
201310
201421
201452
201586
201608
201653
201680
201747
201756
201831
201837
201879
201929
201983
201998
202018
202126
202160
202176
202219
202256
202260
202265
202372
202382
202414
202509
202547
202574
202959
203113
203131
203191
203214
203309
203514
203532
203656
203876
203989
204008
204262
204437
204582
204611
204627
204641
205106
205260
205380
205506
205510
205529
205624
205653
205815
205848
205879
205939
206019
206051
206065
206097
206128
206210
206429
206454
206542
206688
206953
206999
207102
207133
207146
207268
207338
207592
207637
207693
207751
207840
207977
208007
208015
208427
208568
208622
208741
208807
208984
208985
208999
209066
209085
209337
209396
209630
209636
209642
209765
209782
209861
209911
209990
210213
210318
210366
210418
210444
210489
210524
210557
210655
210672
210761
210783
210831
210845
210903
210907
211095
211121
211154
211392
211404
211434
211559
211660
211880
211884
212169
212231
212270
212333
212386
212391
212419
212765
212812
212814
212834
212843
213106
213159
213196
213249
213324
213348
213465
213650
213798
213883
213884
213926
213955
214126
214732
214816
214961
214993
215012
215067
215108
215556
215561
215721
215733
215823
215896
215958
216135
216200
216206
216409
216692
216696
216799
216836
216931
217007
217124
217169
217238
217251
217285
217334
217408
217647
217757
218079
218157
218257
218263
218290
218325
218348
218372
218478
218483
218540
218561
218667
218735
218765
218816
218892
218897
218908
218944
219089
219126
219234
219329
219495
219532
219609
219661
219700
219826
220093
220188
220499
220590
220634
220969
221048
221107
221437
221512
221811
221858
221864
222180
222251
222470
222536
222536
222584
222709
222836
222840
223036
223295
223586
223597
223611
223666
223897
224033
224133
224155
224243
224253
224310
224414
224611
224858
224996
225005
225272
225278
225328
225434
225655
225812
225862
225983
225986
226006
226064
226074
226091
226099
226122
226155
226482
226515
226546
226673
226712
226746
226784
226973
227206
227281
227333
227372
227384
227565
228006
228013
228146
228180
228246
228271
228583
228614
228685
228789
229105
229170
229413
229752
229897
229978
230036
230065
230213
230243
230357
230397
230505
230652
230681
230702
230823
230936
230955
231017
231359
231669
231682
231798
232171
232514
232632
232642
232799
232828
232850
233002
233026
233092
233121
233216
233359
233416
233457
233574
233588
233860
233948
233957
234001
234005
234033
234063
234248
234345
234572
234593
234640
234921
235059
235146
235312
235485
235554
235700
235939
236126
236340
236340
236345
236450
236463
236463
236489
236516
236817
236845
236855
236894
236997
237082
237196
237435
237472
237544
238117
238144
238315
238433
238477
239117
239396
239402
239456
239463
239561
239649
239788
239879
240312
240345
240696
240868
241184
241208
241365
241506
241668
241688
241731
241746
241761
241889
241904
242164
242296
242325
242368
242387
242589
242625
242635
242700
242923
242937
243082
243127
243208
243232
243325
243416
243486
243618
243679
243766
243809
243852
243883
243893
243915
244016
244220
244223
244273
244318
244407
244540
244586
244661
244794
245064
245094
245117
245214
245312
245356
245483
245597
245702
245954
246061
246159
246335
246366
246375
246380
246421
246596
246755
246766
246898
246993
247009
247117
247255
247419
247586
247901
247956
248035
248279
248371
248377
248589
248746
248760
248840
248857
249439
249446
249469
249489
249507
249519
249605
249648
249706
249768
249778
249983
250048
250088
250115
250227
250252
250293
250316
250440
250512
250734
250735
250888
251084
251090
251123
251177
251198
251286
251334
251385
251391
251503
251579
251692
251756
251810
251841
251955
251980
252016
252136
252141
252186
252528
252549
252749
252755
252880
252902
253015
253280
253281
253424
253676
253680
253694
253771
253821
253857
253924
254023
254069
254110
254134
254257
254374
254401
254432
254453
254529
254805
254857
254885
254901
254988
255032
255104
255255
255257
255453
255520
255583
255622
255754
255848
255867
255910
256010
256244
256284
256294
256397
256440
256495
256692
256800
256897
256963
257015
257061
257232
257323
257417
257516
257566
257794
257887
257896
257939
257962
258019
258061
258112
258189
258278
258324
258347
258475
258498
258552
258664
258965
259193
259306
259415
259638
259896
260187
260194
260384
260502
260592
260661
260808
260892
260907
261117
261214
261246
261297
261627
261643
261690
261734
261780
262117
262220
262232
262419
262499
262510
262537
262578
262693
262816
262847
262902
263013
263026
263062
263106
263250
263256
263765
263803
263981
264024
264027
264106
264115
264266
264320
264324
264439
264506
264516
264733
264757
264789
264812
265372
265407
265501
265572
265641
265846
265888
266030
266081
266217
266452
266607
266700
266703
266821
266971
266980
267145
267241
267253
267545
267630
267632
267649
267734
267763
268074
268093
268365
268428
268521
268713
268928
269069
269086
269299
269321
269327
269506
269632
269800
269845
269899
269930
269943
270369
270430
270447
270522
270540
270755
270958
271306
271319
271321
271412
271659
271727
271790
271794
271843
271903
272094
272351
272449
272453
272498
272827
272870
272945
273027
273109
273265
273401
273484
273498
273667
273727
273810
273851
273952
274112
274177
274216
274451
274574
274595
274597
274643
274680
274736
274810
274854
274863
274927
274928
274943
274954
274967
274998
275140
275222
275274
275335
275343
275350
275365
275615
275927
276063
276212
276308
276395
276549
276586
276764
276812
276819
276856
276913
276932
276973
277019
277074
277198
277249
277356
277361
277472
277518
277528
277582
277592
277749
277864
277965
278104
278327
278405
278408
278504
278606
278687
278769
278851
278890
278963
279189
279485
279660
279906
279948
279976
279982
280042
280158
280180
280361
280515
280545
280881
280963
281030
281151
281162
281165
281244
281357
281387
281396
281443
281462
281525
281638
281664
281789
281836
281974
282222
282339
282407
282529
282731
282764
282825
282825
282851
283041
283232
283327
283403
283501
283963
283964
284094
284129
284154
284183
284225
284356
284572
284614
284624
284846
284975
285102
285168
285484
285508
285625
285637
285771
285862
285866
286201
286215
286225
286268
286350
286696
286792
286847
286953
286956
286980
287016
287032
287041
287161
287171
287473
287480
287527
287611
287778
287867
287999
288081
288130
288251
288484
288495
288521
288746
288768
289081
289202
289420
289494
289526
289588
289624
289708
289787
289855
290128
290131
290181
290327
290364
290412
290439
290445
290483
290688
290743
291087
291153
291161
291369
291453
291617
291697
291752
291906
291990
292012
292181
292281
292329
292371
292475
292701
292759
292764
292794
292875
292984
293084
293166
293422
293465
293511
293546
293767
293798
293801
293849
293856
294057
294363
294443
294460
294656
294722
294747
295100
295284
295322
295367
295367
295419
295456
295550
295567
295700
295742
295864
295940
295989
296015
296021
296063
296413
296573
296855
296880
296924
296965
297042
297137
297146
297224
297228
297304
297337
297410
297513
297545
297715
297863
297869
297931
298012
298038
298141
298194
298198
298438
298833
298845
298852
298915
298944
298960
298988
299032
299083
299195
299262
299317
299485
299541
299625
299909
300028
300162
300192
300499
300641
300642
300659
300757
300938
301070
301079
301209
301858
301981
302089
302295
302515
302636
302958
303110
303300
303362
303489
303536
303562
303586
303595
303755
303790
303897
304159
304164
304235
304785
304834
305306
305416
305602
305741
305824
305944
305997
306475
306622
306783
307068
307162
307429
307468
307538
307702
307765
307814
307975
307992
308213
308225
308331
308434
308438
308601
308610
308662
308693
308745
308770
308843
308955
308971
308986
309021
309039
309075
309092
309353
309614
310091
310093
310131
310156
310245
310262
310469
310767
310939
311054
311098
311155
311247
311259
311343
311380
311528
311542
311690
311752
311765
311811
311854
312070
312138
312180
312255
312285
312490
312614
312639
312663
312840
312909
312978
313087
313163
313243
313249
313301
313402
314105
314132
314317
314593
314652
314669
314805
314852
315029
315065
315092
315094
315112
315168
315204
315239
315271
315507
315609
315684
315924
315931
316213
316262
316383
316412
316489
316686
316835
317111
317158
317281
317293
317425
317484
317496
317497
317621
317680
317879
317925
317933
318019
318202
318243
318363
318491
318519
318531
318675
318901
318948
318953
319180
319182
319405
319421
319455
319531
319540
319751
319831
319973
320253
320282
320367
320367
320384
320786
320795
320965
321078
321320
321482
321580
321593
321617
321695
321807
321884
321923
322169
322328
322456
322506
322750
322966
322997
323128
323186
323357
323363
323405
323587
323651
323919
323978
324272
324285
324327
324527
324555
324572
324599
324803
324953
324991
325145
325210
325244
325280
325341
325363
325466
325511
325538
325567
325579
325580
325700
325755
325893
326037
326257
326565
326583
326762
326824
326901
326930
327001
327240
327249
327375
327436
327455
327580
327705
327754
327779
327908
327941
327977
328141
328211
328261
328328
328393
328523
328568
329171
329518
329776
329914
329952
330019
330195
330310
330350
330494
330618
330650
330685
330689
330721
330830
330885
330950
330967
330996
331008
331144
331169
331254
331392
331408
331417
331682
331857
331943
332036
332258
332334
332385
332609
332739
332792
332884
332943
332959
333004
333024
333479
333497
333613
333671
333761
333827
333853
334162
334402
334635
334646
334702
334711
334939
335086
335098
335188
335275
335284
335332
335342
335351
335360
335380
335576
335600
335625
335775
336126
336179
336193
336249
336330
336411
336578
336607
336642
336662
336859
336878
337038
337136
337136
337198
337221
337506
337544
337582
337586
337693
337744
337973
338334
338471
338792
338854
338946
339028
339133
339368
339466
339495
339543
339575
340032
340054
340351
340367
340409
340488
340647
340700
340735
341087
341306
341586
341631
341750
341863
342063
342176
342310
342383
342467
342614
342679
342876
343223
343236
343268
343584
343599
343612
343674
343721
343887
343967
343989
344066
344229
344231
344312
344318
344485
344683
344730
344799
344861
344868
344872
345004
345056
345075
345110
345326
345367
345427
345541
345586
345856
345992
346082
346172
346266
346279
346407
346464
346503
346527
346550
346627
346653
346658
346873
346894
346972
347048
347453
347536
347668
347673
347702
347739
347831
347869
348021
348061
348114
348361
348371
348759
349164
349183
349263
349278
349315
349383
349550
349570
349609
349612
349661
349675
349704
349732
349956
350057
350057
350103
350187
350236
350244
350332
350370
350407
350444
350543
350563
350601
350608
350689
350758
350787
351017
351064
351103
351265
351379
351389
351493
351583
351617
351777
351912
352122
352302
352375
352447
352517
352550
352719
352743
352776
352819
352872
352942
353008
353265
353428
353459
353498
353541
353578
353927
354113
354185
354326
354329
354542
354559
354574
354589
354772
354782
354915
355215
355247
355526
355606
355659
355699
355739
355798
355860
356088
356090
356185
356423
356598
356633
356711
356715
356724
356861
356886
356978
356993
357152
357330
357480
357501
357572
357600
358025
358184
358275
358276
358518
358571
358643
358649
358693
358705
358743
358945
358979
359195
359250
359465
359579
359720
359803
359904
359907
359931
360052
360122
360286
360293
360337
360428
360446
360470
360557
360636
360847
361101
361204
361325
361613
361698
361709
361787
361978
362008
362018
362260
362302
362402
362441
362543
362662
362713
362953
363115
363118
363187
363256
363336
363702
363744
363902
363902
364082
364102
364459
364503
364537
364542
364638
364685
364732
364748
364754
365091
365093
365255
365552
365572
365702
365795
365805
366027
366155
366174
366206
366317
366396
366628
367075
367077
367177
367231
367242
367360
367448
367452
367487
367505
367592
367612
367690
367766
367964
367970
368528
368552
368631
368751
368933
369184
369206
369234
369357
369442
369789
369876
370056
370074
370114
370195
370337
370357
370369
370386
370407
370421
370450
370531
370578
370688
370816
370912
370920
370966
370987
371053
371279
371350
371590
371687
371696
371730
371827
371893
371979
372161
372434
372495
372589
372602
372646
372750
372787
372841
372871
372911
372924
372939
373043
373103
373163
373172
373183
373248
373266
373372
373481
373495
373500
373739
373841
373845
373983
374029
374128
374178
374363
374414
374430
374508
374528
374553
374569
374589
374591
374614
374628
374720
374726
374732
374796
374817
374934
374935
374961
375069
375175
375175
375298
375389
375507
375553
375602
375694
375992
376002
376056
376217
376252
376260
376484
376524
376809
376959
377038
377050
377395
377440
377577
377596
377809
377898
377959
378111
378261
378354
378615
378664
378709
378712
379235
379274
379413
379637
379714
379754
379828
379839
379866
379959
380118
380222
380365
380398
380480
380492
380499
380518
380718
380765
380807
380874
380983
381095
381208
381231
381240
381467
381470
381496
381510
381764
381995
382344
382552
382609
382732
382927
382982
383036
383074
383161
383300
383303
383418
383585
383677
383711
383737
383808
383838
383842
383906
383914
384023
384061
384146
384383
384397
384460
384498
384502
384608
384665
384839
384917
384957
384981
385013
385035
385146
385275
385340
385360
385508
385535
385609
385657
385947
385979
386127
386193
386195
386333
386381
386385
386391
386578
386582
386757
386777
386845
386853
386875
387078
387140
387303
387306
387743
388020
388071
388161
388403
388504
388519
388626
388704
388826
388831
388943
388960
389008
389127
389129
389159
389215
389373
389470
389585
389662
389974
390293
390315
390320
390353
390386
390392
390428
390482
390515
390541
390560
390603
390697
390713
390801
390978
391020
391025
391097
391448
391456
391548
391623
391682
391862
392407
392531
392597
392599
392616
392620
392652
392704
392927
393072
393304
393438
393755
393818
393854
393970
394186
394321
394704
394785
394854
394973
395015
395265
395297
395485
395540
395679
395845
395951
395975
396002
396029
396054
396137
396310
396591
396698
396748
396757
396939
397041
397507
397512
397626
397638
397685
397757
397941
397946
398215
398250
398260
398474
398489
398629
398773
398807
398818
398840
398874
398993
399126
399181
399346
399375
399382
399635
399766
399963
399994
400015
400023
400070
400165
400323
400402
400424
400660
400721
400782
401004
401029
401034
401088
401198
401242
401277
401604
401649
401839
401855
401906
402102
402161
402176
402259
402403
402439
402450
402460
402544
402818
403100
403111
403114
403228
403262
403320
403511
403522
403675
403741
403967
403976
404179
404284
404524
404540
404752
405031
405419
405513
405537
405557
405590
405710
405757
405795
405826
405878
405954
406108
406220
406449
406454
406490
406542
406819
406839
406947
407071
407079
407191
407282
407385
407422
407475
407551
407553
407741
407979
408034
408192
408205
408239
408253
408317
408489
408657
408731
408874
408948
408987
409019
409101
409113
409394
409421
409429
409452
409564
409591
409723
409873
409952
409959
410056
410206
410207
410370
410685
410688
410689
410726
410734
410767
410784
411307
411335
411458
411641
411648
411738
411760
411861
412150
412219
412223
412327
412375
412391
412402
412495
412507
412563
412592
412985
413117
413386
413482
413515
413820
413820
414220
414221
414228
414335
414441
414606
414677
414698
414829
414846
414995
415066
415183
415224
415242
415503
415536
415652
415666
415775
415805
415933
415950
415972
416021
416159
416334
416529
416629
416679
416733
416750
416826
416933
416951
417117
417148
417182
417276
417335
417384
417497
417531
417616
417651
417657
417773
417805
417820
417918
417971
418024
418187
418353
418386
418510
418753
418828
418880
418893
418977
418989
419002
419135
419553
419689
419745
419797
419834
420106
420175
420211
420421
420585
420689
420692
420841
420853
420952
421016
421020
421176
421243
421447
421619
421765
421786
421825
421941
421997
422012
422033
422100
422413
422672
422721
422732
423109
423124
423140
423261
423289
423292
423506
423632
423853
423883
423911
424109
424243
424401
424446
424544
424608
424715
424866
424983
425009
425181
425427
425435
425435
425530
425602
425752
425815
425914
425915
425928
425992
426079
426116
426131
426366
426411
426563
426915
426922
427159
427781
428002
428033
428060
428066
428108
428108
428383
428518
428525
428556
428565
428664
428677
428976
429030
429349
429389
429405
429636
429720
429764
430092
430232
430466
430499
431042
431108
431219
431331
431404
431428
431638
431697
431786
431858
431918
432043
432205
432241
432259
432308
432363
432534
432574
432639
432663
432681
432719
432751
432783
432830
432833
433117
433304
433375
433398
433495
433620
433668
433700
433828
433913
434004
434079
434129
434401
434441
434514
434624
434705
434733
434756
434770
434791
435008
435017
435042
435136
435191
435221
435315
435468
435494
435555
435781
435814
436375
436498
436843
436977
437274
437327
437344
437353
437392
437400
437440
437446
437662
437663
437729
437880
437950
438025
438188
438218
438226
438325
438378
438451
438488
438614
438691
438818
438920
438938
439191
439210
439297
439334
439361
439479
439671
439783
439810
440084
440118
440121
440147
440239
440287
440853
441003
441030
441053
441085
441167
441176
441181
441212
441230
441265
441430
441534
441725
441729
441897
441938
441998
442147
442296
442316
442524
442820
442895
442972
442989
443080
443265
443664
443728
443974
444189
444331
444842
444902
445005
445009
445075
445268
445444
445483
445905
446096
446526
446740
446804
446831
446861
446935
446970
446980
446981
447019
447044
447106
447204
447269
447329
447498
447535
447862
447908
448041
448101
448178
448248
448336
448356
448393
448395
448466
448667
448671
448898
449084
449135
449259
449305
449382
449492
449512
449556
449790
449829
449904
449908
449963
449974
449991
450064
450115
450267
450519
451110
451116
451302
451581
451680
451746
451806
451933
452069
452105
452417
452557
452659
452730
452768
452865
452915
452934
452965
453070
453191
453340
453367
453405
453490
453545
453957
454065
454208
454320
454324
454487
454610
454620
454624
454660
454723
454772
454850
454858
454919
455146
455190
455191
455217
455306
455308
455372
455513
455675
455748
455905
455929
455979
456039
456251
456310
456593
456632
456799
456807
456857
457204
457212
457212
457261
457605
457615
457775
458117
458275
458321
458353
458603
458655
458858
458865
459007
459140
459293
459348
459384
459518
459625
459770
459881
459996
460220
460261
460358
460474
460602
460661
460800
461033
461059
461097
461187
461195
461225
461295
461410
461604
461749
461775
461779
461798
461845
461849
462166
462230
462321
462413
462478
462533
462612
462706
462935
463015
463102
463183
463210
463565
463583
463590
463630
463834
463928
464304
464318
464473
464776
464891
464937
465036
465170
465730
465880
466034
466070
466125
466240
466283
466326
466371
466452
466516
466573
466654
466770
467110
467245
467303
467380
467413
467613
467669
467751
467965
467984
468056
468173
468207
468230
468241
468249
468667
468758
468774
468913
469133
469205
469240
469241
469338
469450
469636
469904
469956
470163
470225
470781
470899
470938
471416
471432
471603
471612
471657
471707
471871
471917
472001
472108
472179
472245
472252
472326
472367
472392
472511
472561
472787
472837
473006
473040
473659
473690
473712
473879
473998
474061
474075
474235
474336
474448
474514
474565
474592
474654
474867
474990
475215
475249
475331
475388
475391
475402
475491
475550
475602
475638
475673
475677
475738
475749
475762
475829
475850
475910
475953
475978
475991
476207
476213
476267
476387
476567
476663
476717
476718
476846
476875
476961
477020
477101
477227
477260
477293
477300
477508
477675
477718
477822
477887
478265
478440
478441
478458
478469
478596
478716
478720
478723
478822
478873
478949
479046
479109
479310
479359
479379
479458
479543
479986
480008
480108
480233
480265
480281
480291
480415
480694
481000
481031
481033
481354
481387
481442
481526
481540
481648
481707
481895
481954
481993
482076
482112
482143
482219
482342
482444
482556
482589
482894
483000
483002
483088
483124
483231
483289
483567
483913
483938
483983
484158
484263
484341
484536
484563
484610
484721
484739
484862
484887
484934
485336
485419
485643
485681
485744
485914
485919
485934
485942
486366
486544
486680
486730
487322
487343
487376
487595
487671
487833
487862
487925
487953
488053
488212
488221
488327
488466
488492
488525
488569
488801
488925
488968
489041
489204
489248
489359
489438
489482
489662
489703
489804
489851
489963
490073
490328
490377
490487
490661
490678
490797
490808
490957
491081
491232
491337
491365
491413
491421
491692
491703
491716
491781
491807
491939
492150
492155
492263
492729
492823
492874
492951
493136
493237
493304
493582
493603
493676
493838
493920
494130
494168
494210
494240
494299
494336
494609
494621
494829
495046
495378
495405
495692
495693
495819
495830
495851
495868
496316
496400
496781
496781
496968
497057
497252
497254
497281
497301
497564
497667
498042
498050
498083
498116
498463
498502
498644
498748
498779
498828
498948
499061
499244
499285
499368
499490
499555
499962
500093
500102
500111
500130
500215
500262
500311
500419
500514
500559
500683
500763
500870
500927
500928
501000
501225
501596
501722
501735
502051
502077
502321
502414
502439
502570
502581
502688
502690
503132
503239
503264
503451
503632
503731
504072
504373
504479
504514
504596
504629
504888
504924
505040
505326
505420
505725
505897
506092
506180
506352
506370
506393
506457
506494
506496
506525
506550
506557
506784
506868
507096
507230
507375
507718
507875
507877
508046
508066
508185
508213
508507
508515
508567
508570
508600
508628
508711
508797
508931
508998
509015
509045
509180
509231
509336
509647
509666
509810
509829
509891
510019
510578
510656
510665
510775
510836
511052
511341
511394
511523
511543
511552
511612
511663
511733
511861
511872
512074
512211
512248
512659
512685
512810
512860
513105
513374
513468
513558
513587
513627
513725
513810
513815
513842
513853
513886
513898
514051
514101
514147
514173
514358
514567
514630
514762
514866
514976
515212
515272
515304
515389
515437
515454
515486
515551
515561
515596
515685
515705
515713
515900
515934
516098
516315
516522
516562
516728
516816
516843
516960
516997
517010
517213
517262
517271
517289
517352
517394
517420
517479
517516
517828
517873
517942
518128
518255
518405
518532
518545
518598
518695
518707
518716
518720
518748
518842
518846
518890
518900
518902
518960
518963
519017
519275
519354
519366
519476
519631
519678
519691
519807
519860
519971
520006
520176
520179
520249
520721
520735
520942
520948
521473
521697
521868
522104
522215
522229
522274
522280
522449
522529
522597
522678
522936
523127
523158
523364
523429
523529
523764
524071
524207
524220
524225
524288
524317
524327
524522
524641
524739
524755
524823
524894
525177
525302
525446
525460
525597
525685
525700
525844
525844
525924
525950
526125
526196
526239
526328
526427
526483
526526
526645
526730
526925
526931
526973
527096
527149
527202
527229
527307
527311
527379
527417
527840
528000
528436
528510
528575
528715
528917
529119
529154
529220
529265
529290
529420
529508
529548
529586
529839
529987
530059
530096
530133
530162
530321
530373
530403
530461
530697
530757
531025
531423
531524
531540
531562
531589
531708
531879
531944
531947
531947
531961
531976
532058
532230
532270
532437
532490
532524
532654
532820
532902
532964
532965
533024
533051
533167
533255
533455
533671
533891
533956
533968
534075
534145
534302
534450
534536
534575
534651
534725
534993
534995
535197
535220
535359
535425
535611
535666
535703
535748
535901
536028
536128
536173
536268
536293
536341
536389
536429
536528
536573
536704
536847
537120
537151
537170
537311
537355
537596
537713
537752
537876
537933
538058
538072
538316
538411
538608
538656
538694
538737
538740
538747
538811
538943
538943
539239
539301
539323
539457
539762
539900
539998
540070
540091
540130
540165
540355
540424
540501
540513
540521
540549
540613
540971
541117
541229
541273
541360
541362
541460
541465
541516
541569
541865
542013
542060
542118
542225
542252
542434
542521
542674
542722
542750
543008
543021
543111
543262
543285
543361
543429
543482
543511
543761
543899
544004
544031
544064
544123
544423
544457
544473
544524
544580
544711
545008
545067
545714
545741
545799
546022
546057
546275
546316
546399
546547
546804
546941
546959
547107
547196
547205
547233
547258
547393
547515
547671
547824
547911
547916
547995
548153
548158
548299
548343
548385
548510
548647
548769
548801
549016
549063
549225
549269
549422
549551
549740
550221
550551
550615
550647
550856
550935
551177
551271
551332
551415
551447
551699
551744
551760
552134
552283
552324
552589
553105
553110
553169
553229
553259
553390
553401
553402
553639
553670
553735
553747
553812
553907
554000
554116
554386
554558
554598
554671
554688
554731
554772
554778
555009
555075
555078
555109
555148
555152
555159
555260
555467
555574
555716
555750
555809
556029
556069
556153
556379
556535
556548
556622
556713
556750
556792
556862
556962
556997
557055
557107
557354
557372
557425
557427
557627
557762
557847
558103
558151
558178
558260
558452
558485
558491
558697
559080
559094
559347
559357
559605
559668
559699
559713
559922
559932
559949
559955
560111
560622
560894
561134
561267
561317
561456
561583
561761
561845
561918
561971
561982
562019
562042
562065
562066
562108
562215
562316
562517
562540
562556
562619
562706
562804
562877
562903
562959
563025
563086
563292
563332
563371
563374
563457
563502
563556
563634
563634
563685
563797
563825
563844
563866
564129
564388
564567
564576
564617
564630
564692
564734
564896
564922
565249
565250
565257
565317
565433
565451
566106
566157
566182
566183
566298
566437
566777
566969
566971
567031
567058
567148
567274
567325
567643
567657
567660
567679
567802
567840
567902
567946
568093
568151
568165
568170
568254
568255
568300
568411
568464
568669
568970
569003
569151
569261
569280
569292
569317
569471
569521
569733
569763
569871
570029
570034
570087
570105
570308
570402
570553
570584
570587
570773
570913
570952
571064
571065
571129
571240
571553
571630
571815
571858
571913
571997
572041
572186
572328
572349
572459
572466
572534
572552
572622
572755
572945
572957
572991
573354
573612
573654
573698
573708
573824
573865
574021
574101
574241
574354
574548
574587
574761
574941
575085
575151
575260
575266
575314
575320
575391
575489
575527
575607
575659
575717
575894
575902
576396
576431
576472
576645
576812
576890
577005
577014
577097
577316
577458
577521
577618
577621
577684
577822
577995
578233
578297
578426
578441
578831
578895
579062
579185
579199
579254
579318
579452
579687
579751
579965
579991
580053
580222
580432
580494
580502
580584
581011
581021
581256
581265
581313
581415
581436
581609
581636
581696
581700
581707
581776
581825
582030
582094
582202
582506
582608
582670
582807
582809
582843
583025
583356
583360
583372
583378
583379
583734
583748
583856
583980
583990
584099
584103
584175
584230
584499
584571
584572
584600
584623
584718
584749
584841
585014
585129
585224
585241
585548
585748
585785
585915
585939
586068
586091
586203
586225
586268
586372
586474
586523
586649
586659
586788
586987
587026
587294
587326
587411
587443
587490
587498
587707
587718
587756
587921
587986
588052
588064
588239
588624
588907
588926
589009
589037
589089
589190
589508
589518
589593
589618
589710
589721
589781
589877
590085
590170
590221
590387
590645
590877
590903
591002
591243
591278
591305
591325
591417
591651
591684
591693
591749
591956
592011
592037
592175
592250
592279
592431
592498
592527
592557
592576
592672
592798
592889
592921
593036
593100
593384
593603
593705
593775
593779
593799
593911
594247
594254
594527
594616
594628
594716
594775
594802
594803
595037
595084
595097
595392
595448
595535
595624
595703
595787
595826
595978
596026
596145
596196
596238
596349
596569
596726
596754
596771
596872
596965
597260
597280
597363
597446
597660
597686
597945
598010
598110
598220
598406
598520
598680
598743
598960
599057
599117
599328
599497
599535
599616
599706
599783
599817
599957
600028
600067
600096
600132
600239
600393
600442
600442
600514
600539
600617
600623
600692
600715
600776
600909
601092
601370
601433
601448
601473
601616
601657
601788
601921
602132
602143
602151
602178
602208
602491
602608
602617
602650
602927
602969
603081
603119
603226
603407
603781
603789
603967
604250
604438
604571
604638
604799
604891
604898
605178
605222
605279
605550
605823
605872
605994
606028
606119
606343
606361
606501
606655
606719
606787
606880
607053
607101
607173
607178
607211
607390
607390
607417
607499
607549
607689
607873
607964
607968
607978
608095
608139
608454
608621
608625
608760
608780
608811
608821
608941
608945
608946
609074
609087
609142
609294
609383
609487
609497
609610
609677
609677
609875
610324
610410
610476
610477
610769
610850
610894
611075
611245
611279
611384
611551
611629
611745
611809
611923
611997
612135
612136
612159
612294
612352
612620
612703
612790
612946
612992
613140
613169
613402
613585
613676
613677
613757
613782
614014
614019
614090
614438
614471
614539
614663
614671
614743
614943
615101
615386
615495
615752
616016
616104
616297
616484
616868
616899
616936
617094
617334
617447
617504
617571
617604
617669
617845
617858
617934
618189
618481
618564
618616
618796
618811
619042
619164
619418
619435
619496
619546
619605
620112
620211
620232
620334
620472
620475
620486
620504
620627
620826
620928
620937
620973
621005
621054
621199
621245
621390
621508
621570
621629
621694
621794
621845
621873
621922
621923
621959
622003
622011
622130
622149
622207
622211
622443
622447
622576
622635
622765
622882
622922
622990
623201
623248
623259
623262
623281
623402
623492
623523
623547
623638
623756
624058
624125
624156
624226
624266
624652
624809
624944
624952
625097
625400
625743
625824
625911
626214
626270
626344
626531
626564
626910
627095
627120
627653
627820
628025
628048
628237
628247
628309
628833
629016
629028
629100
629123
629136
629214
629245
629574
629585
629725
629983
630040
630071
630223
630296
630309
630338
630415
630543
631124
631138
631250
631273
631282
631354
631381
631507
631602
631667
631833
631857
631880
632116
632165
632187
632187
632332
632430
632659
633412
633599
633907
634061
634274
634539
634560
634577
634610
634704
634750
634803
634864
635093
635116
635178
635239
635337
635543
635626
635727
635765
635797
635818
635927
636153
636234
636238
636368
636621
636690
636761
636765
636854
636917
636934
637190
637201
637236
637343
637758
637894
637899
637919
637976
638009
638058
638079
638110
638284
638401
638463
638599
638619
638850
639085
639282
639515
639580
639806
639965
640310
640385
640389
640424
640431
640615
640647
640669
640691
640780
640919
641023
641048
641372
641375
641422
641547
641763
641777
641796
641848
641849
641946
641996
642040
642186
642543
642546
642580
642817
642888
642959
642978
643061
643330
643479
643512
643562
643802
643811
644004
644191
644272
644301
644344
644439
644468
644514
644602
644620
644709
644900
644938
645190
645232
645380
645500
645544
645573
645603
645651
645674
645716
645850
645925
645961
646051
646268
646748
646762
646799
646801
647081
647191
647225
647304
647318
647378
647465
647523
647524
647689
647911
648031
648142
648305
648428
648588
648646
648703
648862
648887
648920
648922
649006
649090
649101
649267
649419
649424
649681
649739
649822
649935
649940
649994
650107
650165
650423
650515
650540
650605
650704
650879
650987
651068
651210
651217
651284
651350
651395
651405
651441
651467
651570
651590
651593
651614
651721
651768
651793
652000
652197
652411
652776
652924
653079
653153
653211
653217
653357
653403
653455
653564
653863
653880
653957
654024
654205
654338
654440
654462
654583
654746
654813
654889
654889
655103
655221
655325
655356
655364
655402
655530
655558
655647
655704
655779
655887
655944
655968
656088
656092
656330
656366
656380
656447
656557
656577
656582
656737
656747
656771
656931
656933
657050
657099
657107
657119
657189
657308
657543
657646
657800
657955
658033
658043
658306
658489
658605
658752
658859
658942
658973
659011
659161
659272
659362
659398
659409
659577
659715
659796
659828
659860
659906
660050
660170
660179
660182
660340
660695
660724
660790
660911
660939
661086
661097
661140
661286
661370
661516
661577
661586
661784
661818
661838
662170
662270
662364
662393
662446
662558
662577
662597
662639
662646
662667
662789
662857
662871
662877
663054
663087
663131
663172
663239
663660
663763
663767
663776
663990
663999
664051
664060
664079
664141
664168
664179
664223
664236
664310
664333
664335
664363
664659
664921
664967
664968
665022
665183
665236
665365
665388
665464
665509
665536
665547
665586
665640
665693
665730
665967
666106
666217
666289
666321
666363
666455
666474
666508
666653
666658
666712
666836
666970
667054
667086
667193
667238
667608
667680
667911
668003
668033
668060
668175
668693
668701
668733
668849
668902
668990
669058
669263
669310
669408
669515
669627
669633
669761
669839
669962
669972
670186
670202
670364
670581
670767
670781
670968
670993
671055
671087
671110
671340
671351
671558
671698
671767
671900
671989
672021
672200
672546
672671
672682
672790
672806
672809
672935
673073
673417
673506
673581
673630
673632
673722
673754
673826
673897
673940
674071
674110
674204
674378
674430
674452
674543
674562
674684
674728
674808
674930
674936
675148
675164
675199
675295
675327
675515
675621
675621
675653
675750
675792
675878
676049
676054
676140
676853
676863
676882
677028
677188
677215
677236
677326
677351
677392
677498
677577
677631
677772
677853
677861
677873
677877
677879
677890
677924
677927
678054
678313
678462
678469
678574
678634
678791
678947
679059
679104
679134
679219
679297
679382
679429
679459
679529
679566
679570
679638
679948
679973
680007
680085
680102
680178
680370
680435
680831
680964
681053
681147
681375
681380
681395
681427
681466
681752
681789
681793
682012
682132
682274
682524
682555
682559
682806
682874
682984
683039
683108
683174
683178
683330
683469
683551
683710
683754
683827
683885
683895
683998
684031
684275
684350
684583
684586
684634
684685
684852
684947
685263
685492
685554
685564
685650
685712
685760
685907
685946
686049
686092
686112
686201
686285
686319
686418
686422
686461
686491
686589
686761
687070
687128
687285
687487
687562
688131
688172
688304
688368
688594
688596
688634
688729
688848
688966
688970
688988
689032
689094
689118
689132
689217
689354
689421
689535
689574
689740
689755
689823
689948
690317
690341
690429
690538
690644
690668
690713
690796
690827
690950
691023
691046
691100
691306
691402
691650
691958
692164
692343
692499
692499
692563
692646
692656
692884
692909
693018
693090
693098
693112
693200
693373
693377
693403
693406
693421
693561
693942
694018
694063
694120
694249
694320
694443
694518
694630
694708
694804
694940
695131
695320
695370
695379
695513
695540
695565
695577
695585
695740
695822
695928
695950
696086
696134
696167
696301
696353
696378
696475
696739
696919
696963
696972
697111
697148
697243
697244
697284
697423
697476
697481
697552
697659
698014
698130
698355
698370
698393
698514
698542
698683
698766
698771
698920
698975
699125
699171
699233
699239
699320
699362
699499
699517
699631
699692
699694
699830
699887
700012
700119
700159
700225
700349
700439
700460
700623
700709
700824
701030
701094
701109
701148
701149
701223
701362
701469
701493
701567
701686
701784
701892
702070
702132
702187
702294
702300
702508
702705
702706
702880
703025
703161
703242
703254
703320
703352
703418
703454
703509
703631
703643
703767
703852
704264
704450
704548
704558
704582
704589
704598
704669
704754
704941
704963
705155
705163
705216
705286
705634
705666
705680
705827
705857
705872
705900
706100
706123
706180
706197
706548
706675
706687
706817
706843
706867
706935
707267
707376
707391
707680
707728
707872
708071
708080
708296
708321
708785
708873
708882
708996
709107
709130
709232
709361
709461
709598
709658
709688
709688
709713
709940
710065
710089
710103
710466
710634
710865
711305
711367
711394
711394
711416
711424
711764
711800
711808
711817
711878
711993
712073
712215
712216
712278
712512
712512
712528
712723
712786
712831
712864
712879
713170
713207
713426
713580
713687
713810
713821
714163
714314
714381
714468
714472
714568
714999
715084
715136
715191
715233
715295
715565
715588
715622
715630
715667
715892
716023
716071
716074
716082
716117
716199
716291
716346
716351
716425
716495
716555
716623
716684
716722
716733
717449
717692
717736
717745
717804
717968
717971
717987
718049
718164
718232
718243
718486
718653
718841
719079
719178
719268
719336
719376
719434
719539
719566
719717
719936
720413
720445
720568
720604
720831
721009
721040
721061
721110
721181
721402
721536
721847
721979
721980
722174
722178
722438
722719
722841
722948
723037
723075
723146
723148
723197
723268
723390
723394
723663
723991
724186
724287
724366
724681
724697
724895
725183
725260
725377
725414
725463
725472
725492
725494
725501
725561
725658
725716
725754
725962
726080
726110
726230
726280
726387
726484
726658
726800
726821
726849
726922
726959
727141
727218
727448
727453
727812
727818
727917
727932
728019
728348
728665
728692
728755
728755
728855
729076
729197
729274
729396
729585
729693
729801
729928
730366
730601
730616
730617
730625
730626
730804
730851
731244
731407
731450
731454
731633
731831
732203
732434
732510
732517
732698
732856
733045
733124
733220
733544
733809
733810
733842
733876
733884
733910
734043
734141
734156
734285
734478
734480
734544
734709
734899
734976
735024
735114
735181
735218
735382
735388
735416
735464
735494
735506
735529
735605
735628
735629
735634
735979
735980
736029
736287
736321
736330
736433
736595
736683
736734
736804
736930
737024
737126
737351
737506
737603
737662
737675
737821
737976
738055
738147
738156
738208
738335
738504
738625
738679
738720
738750
738938
738963
738985
739003
739146
739234
739243
739262
739419
739581
739622
739856
739857
740091
740302
740322
740391
740464
740505
740521
740570
740695
740743
740746
740747
740801
740902
740935
741020
741132
741194
741195
741263
741267
741361
741396
741422
741452
741519
741735
741818
741857
741969
742149
742224
742435
742474
742499
742562
742570
742580
742634
742679
742701
742739
742969
742971
743008
743128
743221
743231
743310
743332
743385
743414
743488
743520
743694
744003
744042
744063
744198
744286
744306
744479
744792
744843
745658
746111
746126
746281
746347
746354
746486
746529
746814
746941
747003
747059
747113
747163
747250
747274
747289
747340
747359
747389
747407
747587
747684
747702
747730
747852
747923
747930
747930
748229
748278
748324
748344
748666
748680
748817
748837
748883
749294
749364
749473
749643
749650
750108
750432
750475
750941
750957
750983
750996
751370
751448
751645
751698
751755
751856
752006
752068
752226
752474
752504
752646
752663
752857
752914
753263
753791
753867
753885
753888
754039
754237
754374
754421
754454
754776
755086
755087
755191
755272
755340
755419
755425
755563
755580
755618
755788
756004
756023
756116
756182
756315
756352
756373
756395
756482
756777
757068
757173
757173
757419
757507
757558
757699
757818
757870
757956
758044
758079
758209
758557
758596
758669
758748
758755
759193
759256
759367
759446
759458
759652
759854
760030
760135
760223
760245
760737
760794
760845
760859
761005
761056
761058
761102
761367
761524
761586
761868
761924
761972
762043
762569
762822
762951
762971
763044
763065
763116
763161
763197
763234
763284
763368
763373
763429
763504
763692
763715
763767
763783
763802
763929
764021
764070
764189
764208
764238
764297
764404
764435
764463
764615
764618
764666
764854
764978
764988
765001
765027
765153
765215
765291
765381
765393
765446
765482
765492
765738
765948
765960
765976
766060
766151
766167
766305
766450
766455
766463
766487
766496
766524
766607
766776
766855
766987
767196
767208
767471
767551
767777
767920
767924
767969
767973
768006
768259
768302
768416
768481
768616
768701
768752
768782
768814
768934
769104
769174
769250
769276
769367
769484
769633
769801
769841
769844
769900
770276
770290
770293
770708
770722
770725
770772
771282
771284
771326
771454
771491
771522
771780
771801
771964
772112
772278
772357
772410
772570
772713
772751
773026
773111
773201
773203
773224
773417
773474
773764
773792
774080
774294
774298
774306
774374
774378
774579
774600
774642
774735
774784
774914
775186
775281
775352
775418
775432
775513
775601
775643
775677
775833
775853
775893
775927
776037
776044
776214
776420
776462
776511
776624
776729
776794
776881
776962
777008
777017
777160
777379
777440
777616
777668
777745
777772
777831
778020
778111
778192
778260
778365
778411
778412
778810
778902
779094
779203
779298
779425
779462
779471
779602
779775
780081
780095
780143
780163
780328
780532
780538
780668
780718
780829
781070
781113
781138
781404
781486
781604
781684
781707
781756
781774
781864
782109
782149
782231
782296
782359
782378
782399
782724
782825
782991
783144
783301
783758
783857
783907
783939
783941
783950
783979
784024
784051
784321
784442
784674
784723
784826
784852
784994
785207
785259
785266
785328
785333
785428
785484
785519
785645
785860
786046
786087
786113
786205
786244
786425
786430
786529
786814
786851
786881
787064
787126
787213
787526
787704
787805
787914
787973
787973
788119
788120
788135
788310
788375
788397
788461
788678
788780
789107
789137
789202
789357
789661
789763
789923
790023
790099
790333
790369
790373
790440
790470
790671
790797
790811
790835
790853
790906
791046
791136
791139
791229
791261
791333
791380
791462
791544
791605
791694
791740
791966
791970
792096
792208
792222
792256
792303
792425
792478
792514
792755
792922
793044
793047
793292
793332
793390
793576
793622
793651
793728
793799
793815
793870
794220
794277
794559
794592
794653
794676
794733
794863
794941
794980
795430
796223
796284
796327
796454
796846
796975
796976
797081
797167
797413
797443
797452
797503
797531
797555
797701
797890
797960
798172
798251
798323
798381
798412
798525
798571
798688
798949
799055
799136
799194
799219
799299
799318
799346
799360
799510
799887
799978
799994
800170
800359
800441
800519
800613
801110
801236
801286
801352
801353
801364
801594
801661
801828
801985
801992
802184
802224
802267
802293
802321
802353
802460
802520
802634
802683
802745
802846
802849
802856
802902
802946
803062
803063
803416
803946
803992
804005
804136
804204
804216
804369
804402
804437
804545
804546
804715
804880
804884
804941
804947
804956
805095
805463
805711
805952
806016
806017
806069
806197
806203
806267
806330
806444
806729
806797
807024
807094
807305
807357
807494
807629
807677
807746
807968
807969
807988
808015
808128
808311
808372
808424
808475
808550
808823
808941
809000
809031
809191
809374
809415
809428
809474
809506
809521
809710
809837
809844
809848
809916
809919
809975
810072
810137
810162
810453
810477
810583
810646
810713
810809
810821
810981
811028
811162
811204
811308
811351
811531
811625
811753
811874
811995
812126
812143
812234
812363
812413
812448
812505
812661
812704
812753
812767
812807
812834
812899
812919
813357
813564
813596
813635
813692
813844
813846
814048
814096
814223
814228
814247
814481
814630
814787
814977
815105
815267
815329
815505
815770
815907
815921
816049
816052
816399
816439
816508
816572
816654
816766
816797
816854
817012
817115
817204
817333
817338
817347
817486
817529
817562
817762
817766
817814
817912
817965
818007
818008
818082
818082
818128
818142
818350
818502
818613
818647
818651
818691
818701
818853
818878
818975
819023
819176
819310
819350
819400
819586
819780
819869
819871
819902
820134
820470
820479
820653
820689
820826
820934
821116
821156
821293
821401
821590
821604
821684
821692
821695
821709
821736
821934
822180
822184
822276
822280
822450
822484
822487
822778
823031
823054
823098
823194
823390
823448
823455
823469
823591
823661
823685
823697
823724
823849
823859
824071
824223
824240
824302
824369
824420
824599
824764
824868
825038
825254
825286
825318
825318
825431
825509
825627
825825
826104
826174
826176
826234
826353
826555
826648
826735
826776
826840
827081
827127
827153
827188
827273
827301
827570
827598
827634
827697
827862
827884
827942
828054
828254
828525
828704
828768
828969
828976
828977
829118
829247
829324
829340
829470
829679
829705
830062
830094
830234
830354
830653
830678
830704
831037
831212
831262
831316
831319
831527
831584
831602
831627
831665
831695
831889
831967
832037
832068
832072
832100
832112
832149
832203
832330
832616
832720
832936
833052
833256
833375
833672
833751
833913
834263
834266
834271
834457
834545
834722
834723
834736
834744
834851
834890
834991
835063
835095
835103
835152
835207
835314
835397
835399
835452
835509
835534
835643
835666
835713
835856
835950
836366
836380
836408
836470
836490
836494
836610
836841
836863
836953
837028
837125
837149
837331
837481
837539
837590
837752
837879
838445
838795
838872
838990
839037
839133
839145
839211
839236
839270
839322
839364
839428
839490
839644
839820
839858
839874
840017
840145
840424
840466
840494
840657
840804
840943
840955
841042
841364
841559
841736
841868
841998
842437
842477
842483
842513
842544
842557
842669
842824
842917
842952
843012
843119
843194
843236
843290
843431
843502
843510
843527
843661
843727
843800
843806
843933
843945
843954
843975
843996
844372
844383
844434
844547
844615
844639
844815
844825
844846
844857
845101
845106
845388
845690
845726
845748
845906
846040
846190
846268
846445
846460
846568
846617
846683
846880
846972
847156
847162
847629
847664
847707
848147
848284
848350
848451
848576
848699
848993
848997
849030
849410
849417
849545
849742
849899
849937
850043
850057
850212
850214
850352
850394
850487
850510
850512
850665
850707
850746
850772
850772
850806
850919
851064
851081
851099
851126
851492
851514
851660
851661
851806
852478
852649
852697
852805
852895
853027
853112
853150
853421
853556
853566
853726
853761
853866
853905
854093
854126
854189
854316
854452
854533
854675
854970
855062
855195
855383
855502
855558
855769
856033
856082
856251
856461
856611
856990
857086
857130
857306
857372
857538
857600
857707
857853
857905
857970
857970
858218
858225
858240
858289
858311
858409
858412
858478
858493
858515
858620
858787
858810
858924
859181
859252
859297
859376
859574
859873
860165
860205
860353
860360
860462
860536
860552
860576
860589
860635
860744
860745
860780
860954
861054
861087
861219
861336
861351
861372
861403
861437
861680
861694
861767
862022
862062
862185
862308
862347
862429
862728
862735
862793
862861
862903
863020
863029
863046
863064
863204
863232
863540
863610
863829
863848
864015
864098
864106
864263
864312
864318
864395
864453
864463
864571
864864
864949
865130
865220
865228
865471
865473
865683
865693
865716
865896
865897
865927
866102
866111
866291
866467
866659
866667
866677
866691
866697
866898
866971
867044
867062
867086
867144
867282
867332
867336
867358
867603
867659
867745
867769
867792
867817
867862
867876
867879
867942
868019
868199
868224
868229
868496
868566
868579
868616
868695
868788
868789
868950
868966
868985
869026
869034
869107
869196
869211
869286
869344
869351
869522
869668
869683
869964
870135
870141
870186
870233
870245
870426
870526
870713
870865
870872
870915
871021
871105
871162
871228
871477
871478
871577
871781
871819
871943
872129
872199
872360
872441
872539
872543
872732
872802
872951
872978
873032
873091
873215
873319
873567
873580
873582
873603
873653
873656
873843
874008
874023
874101
874108
874133
874202
874235
874289
874322
874336
874356
874375
874384
874578
874619
874627
874683
874774
874843
874868
874928
875010
875070
875085
875145
875220
875410
875515
875616
875638
875645
875734
875996
876126
876276
876329
876331
876344
876366
876635
876744
876807
876816
876914
877033
877348
877417
877556
877651
877652
877771
877947
877975
878575
878646
878659
878753
878852
878992
879035
879083
879118
879142
879151
879305
879374
879647
879649
879848
879996
880240
880252
880370
880376
880414
880455
880768
881010
881070
881158
881166
881334
881362
881555
881620
881738
881749
881859
881881
881936
881947
882003
882203
882236
882413
882499
882587
882990
883036
883219
883368
883578
883604
883793
883845
883944
884228
884322
884328
884608
884687
884774
884942
885274
885435
885450
885484
885578
885580
885664
885991
885996
886100
886580
886733
886832
887029
887643
887645
887714
887722
887727
887765
887809
888100
888116
888171
888205
888232
888286
888325
888411
888419
888450
888504
888660
888663
888755
888766
888845
888875
889028
889138
889166
889250
889299
889478
889648
889687
890069
890299
890345
890361
890374
890484
890569
890592
890595
890613
890857
891303
891375
891987
891995
892069
892122
892145
892168
892236
892246
892481
892574
892868
892875
893095
893132
893194
893204
893440
893483
893576
893603
893705
893729
893819
894020
894152
894615
894636
894685
894699
894813
895134
895180
895397
895648
895839
895930
895941
895946
895973
896059
896112
896121
896293
896406
896429
896468
896486
896495
896565
896602
896706
896819
896894
896960
896983
897394
897574
897629
897816
897968
897998
898037
898231
898267
898528
898779
898820
898930
899111
899170
899190
899286
899295
899359
899402
899456
899533
899547
899643
899643
899730
899920
899977
900022
900067
900154
900171
900181
900355
900433
900448
900489
900566
900608
900615
900712
900791
900820
900895
900967
901018
901210
901237
901257
901407
901451
901561
901681
901775
901782
902086
902109
902121
902290
902477
902532
902712
902814
902985
903040
903064
903074
903400
903491
903492
903505
903534
903614
903618
903761
903809
903930
903961
903982
904020
904375
904447
904452
904487
904629
904682
904768
904798
904932
904937
905036
905105
905111
905131
905181
905225
905295
905353
905412
905434
905537
905584
905752
905755
905997
906100
906135
906304
906445
906551
906639
906791
906829
907053
907074
907283
907579
907620
907663
907696
907698
907707
907792
908159
908346
908353
908466
908497
908543
908722
908885
908929
909073
909080
909139
909139
909152
909624
909631
909753
909907
909954
909989
910027
910028
910067
910161
910166
910168
910339
910344
910366
910404
910532
910535
910574
910802
910845
910888
910899
910980
911126
911164
911166
911230
911266
911270
911280
911351
911613
911631
911665
911711
911762
911810
911811
911877
911942
911978
911996
912014
912164
912288
912530
912742
912874
912986
912987
913025
913186
913223
913323
913358
913434
913466
913475
913517
913559
913585
913604
913719
913776
913786
913859
914023
914085
914123
914383
914400
914862
914894
914944
915151
915370
915387
915409
915745
915896
916097
916262
916290
916430
916514
916611
916640
916709
916726
916852
916996
917006
917091
917311
917397
917572
917653
917743
917761
917804
917919
917943
918002
918071
918114
918207
918417
918429
918572
918573
918575
918741
918759
918827
918846
918912
919131
919136
919357
919416
919443
919597
919742
919921
919989
920122
920159
920161
920280
920322
920326
920530
920541
920606
920629
920654
920677
920828
921072
921203
921267
921293
921436
921525
921766
922052
922170
922484
922515
922562
922569
922596
922806
922883
922889
923033
923273
923310
923542
923548
923792
923927
923971
923995
924030
924051
924163
924233
924301
924472
924554
924572
924575
924628
924672
924745
925021
925055
925127
925204
925452
925586
925589
925608
925671
925712
925820
925827
926211
926225
926273
926317
926411
926592
926620
926669
926904
927089
927120
927244
927255
927421
927554
927568
927699
927995
928016
928024
928063
928142
928171
928223
928348
928374
928446
928482
928513
928644
928678
929175
929193
929198
929276
929382
929386
929435
929653
929669
929687
929804
929868
929926
930005
930065
930074
930110
930134
930179
930293
930313
930483
930802
930815
930869
930882
930908
930913
931245
931353
931360
931721
931746
931746
931823
931913
932012
932144
932158
932180
932442
932512
932801
932862
932879
932936
933014
933016
933024
933085
933150
933210
933463
933465
933547
933701
933734
933774
933775
933796
934039
934162
934277
934363
934492
934532
934635
934675
934721
934850
934892
934995
935009
935205
935260
935263
935294
935728
935879
935881
935921
935926
935928
935994
936077
936097
936259
936289
936333
936536
936700
936731
936834
936977
937087
937098
937139
937172
937209
937231
937311
937333
937335
937380
937431
937463
937564
937580
937581
937630
937768
937832
937877
937972
937989
938224
938305
938337
938426
938618
938644
938719
938904
938935
939049
939405
939452
939656
939994
940107
940219
940467
940520
940664
940692
940800
940803
940887
941027
941099
941302
941305
941432
941589
941595
941677
941794
941819
941827
941893
941946
941981
942218
942388
942601
943126
943137
943141
943141
943224
943430
943448
943482
943558
943573
943625
943722
943750
943862
943988
944024
944505
944673
944903
944966
945075
945171
945182
945252
945392
945415
945513
945627
945810
945889
945950
945972
946043
946228
946276
946286
946321
946398
946411
946415
946535
946630
946680
946706
946842
946860
946975
947269
947751
947893
947910
947988
948205
948288
948381
948441
948620
948748
948989
949080
949332
949380
949447
949693
949740
949761
949788
949876
949969
950041
950091
950155
950579
950749
951288
951403
951448
951532
951573
951657
951671
951802
951876
951911
951948
952143
952307
952414
952447
952455
952527
952630
952633
952681
952707
952736
952744
952808
952963
953010
953044
953121
953127
953170
953484
953513
953535
953911
953989
954038
954147
954169
954534
954726
954795
954807
954908
954932
955041
955052
955144
955151
955247
955416
955501
955574
955618
955779
955869
955910
955954
956014
956058
956092
956139
956383
956443
956445
956542
956579
956621
956648
956833
956868
957206
957238
957322
957409
957596
957647
957688
957704
957818
957843
957844
958197
958256
958300
958337
958534
958662
958691
958910
959023
959375
959388
959443
960033
960087
960291
960360
960369
960382
960577
960649
960801
960847
960906
960954
960983
961074
961208
961234
961301
961330
961403
961432
961516
961762
961906
961917
961947
962258
962758
962907
963045
963082
963259
963309
963572
963708
963848
963944
964008
964125
964206
964416
964612
964920
964974
965007
965043
965052
965224
965299
965307
965387
965497
965509
965524
965540
965687
965887
966053
966057
966431
966463
966490
966585
966600
966605
966758
966807
966825
967079
967189
967254
967330
967384
967389
967436
967779
967846
967871
968231
968240
968499
968664
968805
968855
969410
969499
969511
969529
969570
969607
969647
969669
969701
969813
969818
969862
969895
969975
970158
970178
970246
970282
970314
970346
970383
970407
970767
970888
970986
971110
971124
971162
971302
971305
971412
971431
971462
971506
971797
971802
971837
971954
972041
972049
972188
972225
972522
972650
972707
972747
972779
972973
973030
973107
973302
973318
973402
973419
973449
973658
973894
974063
974289
974291
974352
974558
974573
974851
974956
974989
975111
975170
975216
975258
975348
975534
975648
975769
975843
976012
976068
976088
976419
976490
976516
976626
976693
976952
977013
977016
977152
977206
977250
977277
977357
977357
977388
977411
977467
977474
977511
977524
977528
977699
977752
977975
978249
978375
978814
978872
979026
979118
979153
979178
979246
979298
979566
979608
979742
979830
979936
979949
979971
980098
980257
980337
980530
980917
981031
981252
981415
981432
981452
981656
981936
982061
982139
982378
982530
982542
982579
982709
982879
982996
983025
983034
983314
983418
983505
983645
983721
983819
984290
984346
984385
984638
984787
984916
984928
985050
985086
985161
985282
985341
985375
985472
985592
985601
985753
985812
986188
986345
986417
986489
986514
986699
986732
986944
986985
987142
987192
987225
987437
987764
987772
987820
988071
988188
988273
988335
988346
988383
988485
988526
988650
988777
988976
989075
989076
989182
989182
989331
989416
989576
989613
989972
990387
990436
990618
990794
991170
991634
991673
991681
991771
991879
991918
991986
992307
992447
992489
992532
992538
992636
992780
992781
992910
993131
993173
993194
993216
993393
993567
993735
993972
994081
994219
994320
994359
994405
994662
994722
994902
995043
995146
995188
995202
995220
995394
995412
995485
995523
995537
995649
996150
996308
996420
996500
996563
996668
996686
996829
996844
996857
996949
997021
997042
997074
997190
997199
997649
997677
997731
997789
997819
997865
997877
997920
997944
997982
997982
998015
998088
998133
998154
998412
998626
998700
998908
998968
998981
999036
999396
999404
999439
999556
999623
999650
999677
999761
999880
999963
