1
3
5
14
16
16
21
25
26
30
32
34
37
44
45
46
53
54
56
56
57
57
60
60
68
69
71
72
77
81
86
86
90
91
91
94
103
104
110
112
113
117
120
133
138
147
153
156
163
175
176
180
182
184
195
195
196
197
203
209
214
215
215
220
223
244
246
256
257
260
261
266
272
278
284
294
297
303
307
309
310
314
316
321
325
326
327
329
337
338
339
340
347
350
351
352
364
364
371
373
375
375
377
380
381
389
392
402
402
408
409
416
423
427
440
440
454
456
458
462
462
462
464
465
465
469
480
481
485
487
489
491
496
497
502
503
515
518
520
521
535
538
539
540
540
542
545
551
554
560
567
568
577
579
585
588
589
590
591
599
602
603
603
606
609
609
621
622
625
629
630
633
633
643
643
653
657
658
659
662
664
665
665
668
672
678
681
682
684
685
686
686
691
695
698
699
709
711
711
711
715
720
724
729
731
736
739
741
752
756
759
765
766
769
769
770
771
778
785
785
792
795
796
802
805
807
809
811
816
823
823
824
836
839
842
845
845
846
847
857
861
862
863
868
869
873
879
880
881
885
896
900
907
912
913
914
914
917
923
926
929
935
939
941
943
945
958
958
958
964
974
979
1002
1003
1009
1010
1012
1017
1034
1036
1050
1051
1052
1052
1057
1058
1059
1071
1071
1074
1081
1082
1087
1088
1096
1099
1106
1109
1124
1125
1136
1147
1148
1152
1153
1157
1160
1172
1174
1177
1186
1186
1192
1193
1194
1196
1199
1200
1204
1208
1211
1217
1224
1224
1224
1225
1225
1231
1234
1240
1240
1241
1244
1252
1255
1255
1256
1258
1259
1270
1275
1280
1285
1285
1291
1296
1304
1305
1308
1334
1335
1336
1339
1344
1364
1364
1369
1374
1376
1377
1382
1386
1400
1407
1409
1411
1413
1421
1422
1432
1433
1435
1439
1440
1447
1449
1454
1456
1462
1463
1469
1470
1475
1478
1487
1489
1492
1499
1503
1519
1528
1530
1533
1534
1534
1535
1536
1539
1542
1548
1551
1552
1554
1556
1557
1561
1563
1565
1566
1566
1576
1581
1587
1595
1599
1607
1610
1620
1629
1631
1646
1647
1650
1650
1661
1663
1672
1676
1676
1680
1681
1682
1683
1686
1702
1702
1705
1709
1710
1715
1723
1727
1747
1758
1762
1764
1766
1766
1782
1782
1786
1787
1796
1799
1800
1801
1810
1810
1819
1820
1821
1828
1834
1834
1835
1837
1844
1845
1851
1856
1860
1863
1866
1869
1872
1875
1876
1883
1891
1896
1898
1903
1904
1905
1907
1924
1924
1925
1932
1939
1943
1944
1952
1955
1963
1981
1996
2000
2003
2006
2009
2010
2011
2020
2032
2032
2034
2036
2038
2038
2039
2044
2046
2051
2059
2066
2072
2082
2091
2092
2093
2097
2100
2100
2108
2108
2113
2119
2125
2125
2126
2129
2130
2132
2138
2138
2146
2151
2153
2154
2155
2158
2160
2166
2166
2176
2181
2182
2198
2203
2207
2217
2219
2221
2225
2227
2234
2234
2238
2240
2246
2247
2254
2262
2278
2280
2283
2283
2287
2287
2290
2293
2294
2295
2296
2298
2300
2302
2303
2303
2304
2306
2315
2321
2322
2325
2331
2332
2336
2339
2341
2342
2348
2351
2352
2356
2358
2358
2363
2364
2372
2389
2389
2393
2393
2395
2396
2397
2403
2406
2407
2410
2411
2414
2421
2432
2433
2437
2439
2443
2444
2444
2454
2469
2469
2470
2471
2472
2475
2477
2477
2477
2490
2490
2495
2496
2499
2500
2503
2506
2510
2516
2522
2523
2524
2533
2539
2540
2542
2543
2546
2550
2559
2562
2563
2565
2567
2570
2571
2572
2592
2594
2594
2603
2603
2603
2604
2610
2619
2624
2638
2640
2641
2646
2647
2648
2652
2652
2653
2653
2665
2672
2677
2694
2700
2705
2715
2715
2716
2719
2721
2722
2728
2732
2735
2736
2741
2742
2743
2748
2750
2750
2754
2755
2761
2765
2772
2779
2783
2786
2787
2789
2791
2795
2798
2798
2799
2800
2804
2814
2816
2819
2820
2825
2825
2825
2846
2849
2849
2850
2854
2858
2861
2864
2866
2869
2871
2871
2872
2876
2880
2882
2884
2890
2892
2899
2903
2905
2905
2906
2909
2909
2917
2923
2926
2931
2941
2941
2941
2943
2947
2951
2960
2969
2973
2974
2976
2978
2982
2983
2985
2998
2998
2999
3001
3007
3013
3016
3017
3021
3022
3027
3028
3033
3040
3041
3047
3051
3055
3060
3061
3061
3064
3068
3071
3074
3075
3084
3086
3086
3096
3099
3103
3107
3108
3116
3119
3120
3122
3126
3129
3133
3136
3140
3142
3144
3149
3150
3152
3161
3169
3193
3209
3238
3241
3243
3246
3249
3260
3260
3260
3263
3265
3268
3271
3279
3280
3282
3286
3287
3296
3299
3302
3307
3308
3312
3338
3345
3350
3353
3370
3374
3378
3381
3382
3396
3398
3408
3408
3412
3415
3415
3420
3426
3428
3433
3440
3445
3446
3448
3454
3456
3458
3473
3474
3477
3481
3485
3487
3496
3499
3503
3505
3509
3513
3514
3514
3521
3526
3530
3533
3533
3535
3545
3546
3562
3563
3564
3565
3566
3575
3581
3583
3583
3586
3586
3609
3610
3611
3614
3627
3628
3629
3643
3645
3655
3659
3666
3670
3685
3698
3701
3705
3710
3713
3722
3722
3723
3725
3726
3727
3734
3734
3736
3736
3738
3739
3743
3745
3746
3749
3752
3755
3756
3759
3771
3772
3784
3788
3797
3797
3798
3803
3810
3824
3825
3825
3838
3841
3845
3846
3851
3851
3855
3855
3856
3866
3866
3867
3874
3879
3881
3883
3886
3886
3892
3893
3895
3900
3900
3903
3904
3905
3914
3918
3918
3924
3925
3927
3928
3931
3932
3933
3937
3940
3941
3942
3944
3945
3950
3952
3952
3953
3958
3959
3961
3964
3970
3975
3978
3978
3987
3989
3997
3999
4004
4006
4006
4007
4010
4015
4033
4040
4041
4042
4050
4067
4068
4070
4071
4074
4075
4076
4076
4079
4080
4087
4091
4092
4093
4099
4108
4110
4111
4115
4122
4128
4131
4132
4133
4135
4140
4141
4144
4150
4150
4151
4155
4161
4170
4170
4171
4182
4185
4190
4191
4196
4198
4199
4204
4204
4206
4212
4214
4226
4229
4234
4234
4234
4236
4236
4245
4251
4254
4258
4261
4264
4268
4271
4295
4300
4303
4307
4315
4324
4333
4335
4340
4344
4346
4353
4355
4368
4375
4377
4378
4380
4382
4384
4389
4398
4401
4407
4407
4409
4414
4414
4422
4425
4431
4431
4433
4436
4437
4441
4442
4454
4459
4463
4474
4480
4481
4485
4485
4491
4492
4494
4497
4499
4500
4501
4504
4507
4510
4518
4518
4519
4525
4525
4525
4527
4536
4541
4543
4545
4549
4563
4567
4573
4573
4584
4587
4591
4591
4592
4599
4599
4600
4605
4607
4608
4611
4614
4619
4619
4623
4624
4625
4633
4633
4635
4635
4639
4639
4644
4657
4659
4667
4669
4670
4671
4671
4675
4678
4680
4680
4682
4687
4697
4700
4703
4707
4719
4724
4739
4742
4747
4748
4748
4749
4756
4756
4757
4760
4760
4766
4773
4775
4777
4780
4785
4786
4788
4792
4796
4802
4809
4810
4812
4820
4831
4831
4834
4841
4845
4846
4846
4852
4858
4859
4862
4865
4870
4876
4880
4883
4901
4910
4911
4912
4913
4916
4918
4918
4922
4929
4938
4939
4948
4949
4951
4960
4961
4967
4968
4969
4971
4975
4978
4982
4985
4993
4998
5002
5006
5009
5012
5014
5014
5016
5018
5024
5029
5029
5030
5031
5034
5039
5043
5045
5047
5050
5052
5060
5065
5081
5096
5097
5100
5101
5102
5103
5110
5120
5122
5132
5137
5151
5155
5161
5170
5171
5184
5189
5190
5195
5202
5204
5210
5218
5224
5225
5238
5240
5249
5255
5264
5266
5268
5275
5275
5286
5286
5309
5311
5315
5316
5319
5324
5324
5331
5338
5346
5350
5351
5352
5362
5363
5363
5364
5364
5367
5372
5373
5378
5380
5380
5387
5388
5398
5404
5405
5406
5407
5412
5413
5415
5420
5421
5421
5423
5432
5448
5448
5448
5452
5454
5459
5465
5477
5487
5493
5494
5497
5502
5504
5509
5509
5509
5510
5512
5512
5518
5527
5532
5533
5534
5534
5536
5540
5541
5549
5568
5568
5569
5571
5572
5574
5581
5584
5591
5593
5594
5595
5601
5604
5619
5630
5635
5638
5646
5646
5649
5650
5655
5662
5685
5687
5691
5712
5718
5719
5720
5720
5727
5727
5734
5749
5750
5762
5762
5763
5772
5775
5776
5780
5783
5783
5785
5797
5803
5804
5805
5809
5815
5817
5817
5818
5819
5843
5848
5853
5859
5863
5865
5875
5882
5884
5888
5896
5912
5915
5917
5921
5927
5930
5942
5943
5944
5947
5965
5968
5972
5974
5982
5989
5994
5999
6002
6008
6012
6015
6015
6016
6025
6031
6033
6035
6041
6044
6045
6047
6052
6053
6056
6062
6063
6064
6065
6066
6078
6079
6083
6084
6093
6094
6097
6101
6101
6103
6106
6109
6112
6119
6122
6123
6128
6130
6135
6146
6153
6154
6157
6161
6161
6165
6167
6168
6171
6171
6178
6180
6185
6190
6192
6193
6194
6196
6196
6197
6200
6200
6201
6202
6209
6211
6217
6220
6227
6241
6243
6243
6245
6247
6253
6254
6254
6255
6258
6263
6267
6273
6274
6275
6279
6280
6289
6291
6291
6294
6296
6296
6300
6300
6301
6303
6312
6313
6315
6320
6323
6328
6332
6332
6340
6341
6349
6357
6360
6362
6362
6365
6374
6375
6381
6383
6386
6392
6392
6400
6404
6409
6409
6411
6417
6417
6418
6427
6432
6436
6438
6441
6443
6443
6443
6451
6452
6472
6472
6478
6484
6491
6493
6494
6502
6503
6507
6511
6512
6523
6532
6534
6542
6548
6557
6557
6559
6560
6563
6565
6566
6568
6575
6577
6580
6580
6582
6582
6586
6589
6591
6594
6603
6605
6609
6623
6623
6625
6630
6633
6635
6644
6647
6648
6655
6657
6659
6661
6670
6671
6672
6675
6677
6678
6682
6690
6695
6697
6700
6702
6716
6718
6723
6733
6733
6741
6743
6747
6748
6761
6762
6772
6775
6780
6788
6789
6809
6812
6816
6821
6822
6823
6826
6827
6827
6831
6838
6839
6840
6841
6850
6860
6867
6867
6871
6874
6875
6883
6891
6901
6901
6902
6904
6905
6914
6915
6917
6918
6921
6942
6944
6945
6945
6956
6962
6964
6969
6973
6975
6978
6985
7000
7001
7005
7006
7007
7008
7011
7013
7037
7041
7042
7043
7060
7066
7070
7073
7078
7079
7080
7087
7094
7102
7108
7113
7116
7121
7121
7124
7135
7147
7147
7147
7149
7157
7157
7167
7171
7173
7179
7179
7181
7181
7181
7186
7186
7192
7196
7200
7202
7222
7226
7230
7233
7236
7236
7241
7245
7254
7255
7277
7279
7280
7281
7287
7288
7291
7291
7292
7293
7294
7295
7295
7300
7312
7317
7317
7322
7323
7323
7326
7330
7336
7340
7341
7342
7354
7359
7360
7365
7366
7371
7373
7373
7379
7385
7386
7394
7402
7402
7402
7410
7415
7418
7429
7431
7434
7436
7459
7460
7467
7470
7472
7480
7486
7492
7494
7498
7503
7505
7506
7514
7515
7517
7527
7531
7532
7540
7544
7547
7548
7548
7551
7557
7561
7562
7566
7567
7568
7578
7580
7582
7586
7597
7603
7604
7605
7629
7630
7631
7631
7633
7641
7644
7646
7647
7651
7654
7659
7661
7661
7663
7666
7670
7672
7674
7675
7675
7678
7680
7694
7696
7697
7700
7702
7707
7716
7719
7748
7749
7754
7754
7758
7762
7762
7765
7772
7783
7784
7785
7788
7791
7794
7815
7824
7825
7826
7835
7837
7840
7840
7846
7846
7848
7851
7858
7872
7875
7885
7895
7901
7902
7904
7908
7909
7909
7913
7923
7923
7925
7929
7931
7936
7940
7946
7950
7956
7961
7967
7974
7979
7979
7984
7984
7987
7988
7988
7993
7995
7998
8002
8005
8006
8006
8008
8008
8010
8011
8017
8020
8026
8027
8030
8037
8039
8039
8043
8044
8046
8047
8051
8054
8061
8063
8064
8066
8072
8074
8077
8079
8082
8086
8089
8093
8102
8103
8103
8104
8107
8111
8123
8125
8144
8148
8156
8158
8161
8161
8172
8173
8177
8177
8178
8183
8187
8187
8188
8191
8196
8196
8199
8204
8214
8219
8233
8238
8248
8253
8261
8263
8270
8284
8285
8286
8287
8288
8299
8300
8301
8302
8305
8305
8305
8307
8308
8313
8323
8327
8330
8335
8336
8339
8349
8353
8354
8356
8358
8364
8364
8370
8372
8373
8373
8381
8387
8387
8402
8410
8410
8411
8412
8419
8421
8424
8429
8441
8457
8457
8458
8461
8465
8470
8471
8477
8478
8479
8480
8481
8483
8483
8484
8484
8490
8494
8500
8500
8508
8508
8509
8522
8539
8544
8552
8557
8559
8562
8570
8572
8607
8614
8637
8640
8641
8644
8646
8648
8651
8652
8655
8657
8667
8669
8673
8673
8675
8676
8676
8676
8676
8681
8682
8686
8695
8704
8704
8707
8712
8717
8719
8727
8731
8735
8741
8744
8752
8756
8759
8760
8761
8762
8763
8764
8770
8776
8783
8788
8790
8798
8799
8801
8802
8802
8806
8812
8821
8828
8835
8839
8842
8843
8857
8858
8864
8865
8872
8873
8873
8873
8877
8883
8885
8888
8891
8891
8892
8896
8899
8900
8904
8907
8908
8913
8924
8925
8933
8935
8941
8946
8948
8949
8952
8959
8962
8962
8964
8965
8974
8975
8979
8980
8986
8991
8996
8998
9001
9004
9023
9023
9027
9030
9032
9037
9039
9041
9043
9046
9047
9056
9056
9059
9072
9076
9078
9079
9089
9091
9092
9096
9105
9112
9115
9120
9123
9124
9131
9134
9138
9152
9153
9157
9163
9165
9165
9166
9180
9180
9184
9186
9188
9197
9208
9211
9211
9219
9222
9225
9229
9231
9234
9240
9245
9245
9248
9249
9250
9258
9264
9269
9273
9274
9274
9275
9284
9289
9292
9296
9296
9301
9302
9312
9314
9317
9318
9320
9323
9323
9325
9328
9328
9329
9338
9341
9342
9348
9357
9362
9362
9363
9365
9366
9369
9375
9376
9379
9380
9383
9388
9395
9400
9403
9404
9404
9409
9416
9421
9424
9425
9431
9435
9442
9446
9450
9452
9455
9455
9464
9469
9470
9470
9479
9481
9483
9486
9488
9489
9490
9503
9506
9507
9512
9520
9525
9526
9531
9536
9540
9543
9549
9553
9559
9559
9560
9569
9570
9571
9572
9575
9587
9588
9594
9601
9602
9605
9618
9618
9626
9633
9649
9654
9656
9663
9664
9668
9668
9677
9681
9688
9691
9696
9701
9701
9721
9723
9727
9727
9732
9737
9739
9743
9743
9751
9752
9770
9777
9782
9783
9785
9785
9786
9787
9801
9811
9812
9813
9817
9817
9817
9820
9826
9828
9833
9835
9839
9845
9847
9851
9853
9858
9859
9864
9865
9874
9877
9881
9882
9884
9885
9888
9890
9891
9892
9895
9896
9896
9896
9901
9917
9919
9932
9934
9942
9945
9951
9952
9952
9952
9957
9959
9959
9961
9963
9964
9970
9972
9977
9978
9979
9994
9996
10007
10015
10019
10038
10041
10046
10048
10056
10062
10067
10069
10078
10083
10089
10089
10101
10105
10113
10125
10127
10129
10142
10143
10145
10152
10152
10152
10153
10156
10156
10157
10168
10174
10178
10180
10183
10192
10209
10210
10215
10215
10216
10218
10220
10221
10223
10232
10234
10242
10247
10248
10248
10250
10254
10264
10268
10270
10287
10287
10289
10290
10293
10304
10308
10308
10308
10312
10313
10318
10324
10335
10337
10351
10353
10359
10370
10375
10375
10379
10380
10384
10386
10388
10398
10399
10402
10403
10406
10409
10417
10425
10428
10434
10435
10437
10443
10449
10449
10457
10464
10477
10485
10487
10488
10489
10502
10504
10505
10507
10515
10523
10525
10535
10542
10543
10549
10552
10556
10556
10569
10571
10574
10574
10576
10581
10589
10591
10591
10595
10600
10603
10616
10623
10624
10625
10625
10626
10632
10634
10634
10637
10642
10648
10651
10656
10656
10657
10668
10668
10668
10669
10676
10679
10683
10707
10716
10718
10727
10731
10733
10734
10736
10742
10742
10753
10767
10770
10776
10779
10781
10782
10783
10794
10796
10803
10803
10804
10806
10821
10822
10825
10825
10825
10827
10827
10832
10839
10842
10850
10852
10853
10854
10854
10857
10860
10863
10866
10869
10874
10876
10878
10880
10891
10891
10892
10897
10900
10902
10906
10910
10921
10927
10933
10934
10937
10941
10947
10948
10949
10956
10959
10966
10967
10980
10985
10986
10987
10989
10989
10993
10994
10996
10999
11005
11005
11009
11013
11016
11030
11030
11032
11034
11034
11039
11043
11053
11057
11066
11071
11071
11072
11072
11072
11073
11078
11081
11082
11088
11091
11110
11116
11119
11127
11128
11137
11141
11144
11146
11149
11153
11163
11181
11186
11188
11190
11191
11196
11201
11205
11206
11207
11211
11214
11217
11217
11221
11229
11233
11234
11237
11245
11247
11249
11251
11254
11259
11271
11279
11279
11280
11280
11283
11284
11284
11297
11297
11302
11305
11306
11316
11317
11322
11327
11327
11332
11339
11341
11345
11345
11345
11351
11351
11351
11354
11360
11370
11375
11377
11377
11377
11378
11385
11398
11403
11410
11419
11420
11427
11434
11445
11445
11448
11450
11453
11454
11458
11462
11465
11466
11470
11473
11475
11479
11490
11491
11497
11497
11500
11507
11508
11508
11518
11520
11521
11527
11530
11533
11543
11544
11549
11549
11551
11565
11566
11567
11582
11585
11587
11587
11591
11595
11596
11598
11599
11611
11612
11614
11618
11621
11623
11632
11635
11635
11635
11637
11637
11642
11646
11646
11649
11653
11653
11654
11662
11663
11666
11666
11672
11675
11677
11678
11679
11680
11681
11683
11684
11689
11690
11693
11693
11696
11700
11701
11703
11704
11705
11707
11708
11709
11710
11718
11720
11723
11724
11725
11727
11731
11733
11748
11748
11751
11753
11760
11767
11774
11781
11782
11786
11789
11792
11793
11793
11794
11798
11799
11799
11800
11803
11804
11807
11827
11833
11834
11847
11847
11854
11856
11856
11862
11862
11865
11867
11868
11873
11876
11882
11886
11888
11895
11897
11901
11901
11903
11914
11917
11918
11918
11926
11937
11941
11943
11948
11951
11954
11960
11961
11964
11967
11969
11977
11981
11982
11989
12001
12001
12006
12009
12009
12011
12013
12018
12024
12030
12031
12034
12042
12045
12050
12052
12059
12062
12063
12064
12066
12078
12086
12091
12096
12104
12105
12108
12110
12113
12114
12118
12118
12119
12120
12120
12125
12128
12139
12142
12142
12143
12143
12144
12147
12147
12156
12158
12159
12165
12172
12177
12184
12188
12189
12191
12192
12197
12197
12202
12202
12219
12222
12239
12239
12241
12248
12261
12263
12263
12264
12269
12270
12271
12274
12277
12278
12286
12295
12296
12307
12310
12315
12319
12323
12325
12326
12326
12327
12340
12343
12344
12349
12349
12351
12354
12354
12355
12361
12363
12364
12378
12382
12385
12394
12395
12405
12407
12413
12415
12423
12430
12434
12436
12437
12437
12442
12445
12452
12453
12455
12457
12462
12482
12484
12488
12495
12496
12498
12501
12505
12515
12532
12550
12556
12581
12586
12594
12603
12603
12603
12604
12605
12605
12609
12611
12613
12621
12626
12627
12640
12652
12660
12665
12672
12673
12683
12685
12686
12686
12689
12690
12694
12694
12695
12695
12703
12705
12706
12706
12711
12712
12713
12718
12728
12729
12735
12743
12748
12760
12761
12762
12765
12768
12775
12783
12787
12787
12790
12793
12795
12800
12802
12807
12816
12819
12820
12821
12823
12830
12831
12831
12837
12839
12839
12842
12842
12849
12858
12859
12863
12865
12870
12876
12876
12907
12911
12912
12914
12917
12920
12924
12925
12925
12926
12932
12934
12936
12942
12952
12954
12966
12967
12969
12976
12992
12993
12993
12999
13007
13013
13021
13022
13029
13037
13047
13057
13060
13061
13066
13066
13069
13080
13081
13092
13096
13100
13103
13104
13111
13118
13143
13150
13155
13164
13166
13167
13168
13168
13172
13176
13178
13179
13199
13203
13208
13210
13211
13214
13214
13217
13219
13223
13229
13241
13241
13248
13249
13249
13255
13263
13264
13268
13274
13282
13284
13291
13296
13301
13302
13304
13306
13310
13314
13316
13320
13323
13329
13329
13341
13341
13345
13349
13354
13355
13355
13356
13359
13365
13367
13367
13371
13379
13399
13403
13407
13414
13415
13425
13433
13435
13435
13443
13444
13445
13451
13453
13463
13470
13472
13478
13481
13483
13502
13504
13505
13507
13515
13515
13524
13527
13529
13532
13533
13538
13542
13545
13553
13558
13559
13559
13561
13564
13569
13584
13587
13598
13602
13603
13605
13609
13609
13620
13625
13632
13634
13649
13669
13672
13675
13683
13684
13685
13685
13688
13691
13694
13696
13701
13706
13708
13713
13715
13716
13717
13718
13722
13722
13723
13727
13728
13731
13734
13735
13741
13742
13744
13745
13749
13757
13764
13767
13770
13770
13771
13772
13773
13773
13774
13777
13780
13783
13792
13796
13796
13809
13811
13816
13816
13821
13824
13830
13831
13831
13842
13848
13850
13850
13854
13855
13856
13860
13866
13867
13874
13874
13878
13888
13890
13897
13900
13905
13905
13907
13913
13922
13925
13925
13926
13928
13931
13933
13938
13939
13942
13947
13949
13949
13952
13958
13959
13960
13963
13967
13967
13977
13979
13987
13989
13989
13990
13991
13994
14004
14015
14015
14018
14019
14027
14031
14037
14038
14040
14041
14043
14050
14051
14051
14058
14062
14063
14067
14068
14073
14077
14081
14082
14082
14084
14084
14085
14091
14099
14105
14115
14117
14122
14129
14132
14134
14135
14138
14142
14153
14157
14157
14158
14165
14169
14170
14172
14172
14176
14184
14190
14192
14197
14203
14203
14206
14207
14208
14218
14221
14224
14230
14235
14236
14240
14244
14249
14250
14250
14250
14255
14257
14263
14267
14276
14280
14290
14294
14297
14312
14312
14315
14319
14326
14330
14331
14333
14333
14341
14342
14343
14353
14354
14361
14369
14372
14372
14373
14377
14387
14388
14391
14392
14400
14401
14405
14409
14413
14414
14419
14427
14438
14440
14452
14453
14461
14464
14466
14472
14472
14476
14480
14486
14487
14490
14490
14493
14495
14503
14505
14507
14509
14512
14518
14520
14522
14531
14532
14534
14536
14538
14539
14541
14548
14548
14551
14554
14555
14558
14573
14573
14574
14585
14593
14595
14598
14604
14608
14610
14611
14613
14617
14619
14621
14626
14628
14630
14640
14645
14646
14649
14649
14656
14658
14663
14667
14673
14679
14681
14691
14706
14709
14722
14725
14728
14731
14731
14732
14737
14738
14742
14743
14753
14758
14765
14770
14775
14778
14779
14782
14783
14786
14803
14812
14816
14817
14818
14821
14821
14822
14831
14832
14836
14836
14842
14849
14859
14862
14862
14874
14878
14880
14883
14890
14895
14898
14915
14926
14929
14929
14929
14933
14934
14936
14937
14938
14945
14947
14958
14958
14963
14963
14963
14964
14970
14975
14976
14985
14986
14987
14992
14993
14995
14998
15001
15005
15006
15018
15018
15020
15021
15030
15031
15032
15035
15040
15044
15048
15054
15061
15071
15072
15073
15078
15080
15081
15087
15090
15094
15096
15104
15107
15108
15128
15130
15131
15133
15136
15137
15144
15144
15149
15150
15153
15157
15159
15161
15171
15174
15175
15177
15184
15189
15190
15190
15195
15196
15198
15204
15208
15209
15211
15212
15214
15216
15222
15222
15224
15230
15232
15238
15254
15259
15259
15260
15261
15262
15273
15274
15279
15284
15295
15299
15302
15303
15304
15307
15308
15309
15311
15312
15314
15322
15323
15327
15328
15330
15332
15332
15335
15344
15349
15350
15353
15354
15359
15369
15371
15385
15408
15409
15422
15431
15438
15442
15451
15454
15456
15458
15461
15465
15472
15472
15477
15483
15484
15485
15485
15488
15488
15490
15493
15494
15497
15504
15513
15518
15522
15532
15536
15537
15538
15538
15542
15543
15545
15549
15554
15556
15559
15560
15560
15563
15563
15567
15568
15568
15569
15573
15581
15587
15588
15592
15593
15595
15600
15603
15603
15609
15613
15614
15614
15619
15621
15629
15632
15635
15643
15645
15645
15645
15647
15648
15649
15650
15653
15654
15660
15661
15662
15663
15663
15665
15670
15682
15684
15694
15697
15699
15700
15701
15708
15708
15710
15717
15720
15720
15722
15729
15730
15734
15734
15740
15746
15754
15758
15759
15760
15765
15767
15769
15777
15777
15782
15784
15786
15795
15799
15802
15824
15828
15835
15844
15844
15846
15847
15855
15860
15867
15869
15871
15872
15876
15883
15883
15886
15895
15911
15922
15924
15925
15929
15933
15939
15945
15953
15961
15967
15969
15971
15973
15979
15981
15988
15990
15991
15997
15999
16000
16013
16015
16017
16023
16023
16030
16031
16036
16040
16041
16046
16047
16050
16054
16059
16075
16080
16086
16086
16088
16090
16093
16096
16099
16100
16101
16102
16107
16109
16111
16117
16117
16120
16128
16129
16130
16132
16133
16136
16139
16142
16144
16148
16148
16150
16153
16153
16154
16155
16160
16163
16164
16165
16169
16171
16172
16177
16179
16183
16200
16206
16208
16209
16213
16216
16216
16219
16223
16227
16228
16228
16232
16233
16240
16241
16248
16249
16249
16253
16256
16256
16259
16267
16268
16283
16286
16288
16292
16292
16292
16296
16297
16301
16302
16303
16303
16307
16322
16323
16324
16327
16329
16331
16335
16336
16338
16343
16343
16348
16351
16352
16365
16365
16378
16378
16379
16385
16386
16388
16396
16399
16400
16401
16402
16405
16407
16413
16413
16419
16424
16424
16424
16426
16426
16427
16428
16432
16434
16438
16439
16441
16442
16445
16451
16457
16461
16461
16463
16463
16463
16469
16479
16482
16482
16492
16493
16496
16499
16508
16511
16512
16516
16518
16520
16521
16522
16524
16525
16527
16529
16532
16539
16541
16545
16547
16548
16549
16554
16558
16564
16565
16565
16567
16569
16571
16572
16572
16574
16575
16580
16585
16588
16589
16590
16591
16598
16604
16608
16608
16611
16614
16614
16620
16623
16625
16636
16636
16636
16637
16642
16646
16659
16664
16665
16672
16681
16684
16700
16700
16705
16705
16706
16720
16732
16735
16736
16736
16737
16745
16747
16747
16763
16768
16781
16791
16795
16796
16797
16799
16800
16808
16822
16824
16831
16836
16845
16851
16855
16861
16862
16864
16882
16892
16899
16901
16902
16906
16906
16910
16916
16918
16925
16928
16931
16932
16933
16937
16937
16947
16958
16966
16979
16979
16979
16982
16986
16988
16989
16989
16997
17000
17001
17009
17014
17015
17016
17017
17025
17028
17033
17039
17040
17041
17042
17046
17046
17050
17056
17065
17065
17072
17084
17087
17091
17091
17093
17098
17104
17104
17105
17110
17117
17124
17124
17125
17135
17137
17138
17142
17150
17150
17153
17156
17162
17168
17169
17177
17178
17179
17183
17183
17186
17204
17204
17207
17208
17210
17212
17212
17217
17227
17227
17239
17239
17241
17241
17245
17257
17260
17263
17263
17263
17265
17268
17268
17270
17279
17282
17283
17294
17296
17298
17299
17303
17308
17326
17329
17332
17338
17338
17348
17352
17355
17355
17356
17359
17368
17373
17373
17373
17376
17383
17384
17385
17388
17393
17394
17407
17412
17414
17416
17421
17424
17428
17429
17435
17435
17441
17443
17445
17449
17452
17460
17466
17480
17483
17487
17491
17491
17496
17506
17514
17521
17522
17536
17542
17542
17548
17548
17550
17551
17560
17569
17571
17575
17579
17585
17586
17586
17605
17606
17612
17619
17625
17632
17634
17636
17646
17647
17651
17659
17659
17661
17663
17666
17667
17668
17675
17677
17678
17680
17691
17693
17693
17696
17699
17702
17704
17710
17710
17711
17720
17724
17729
17730
17732
17732
17735
17743
17760
17764
17769
17771
17774
17776
17776
17779
17779
17790
17796
17798
17802
17804
17808
17811
17813
17814
17815
17815
17819
17821
17822
17823
17823
17830
17835
17837
17840
17844
17845
17856
17862
17864
17874
17879
17882
17883
17888
17894
17895
17896
17899
17905
17912
17917
17922
17925
17925
17927
17929
17936
17942
17947
17948
17973
17980
17990
17998
17999
18006
18007
18012
18014
18015
18017
18023
18027
18031
18035
18036
18037
18038
18042
18057
18063
18071
18091
18099
18101
18104
18105
18106
18111
18111
18112
18114
18116
18116
18126
18129
18133
18138
18157
18164
18170
18178
18188
18189
18203
18212
18217
18223
18225
18229
18230
18230
18233
18235
18236
18238
18239
18240
18241
18244
18247
18248
18249
18249
18253
18254
18258
18262
18271
18273
18276
18278
18279
18280
18283
18286
18293
18294
18302
18302
18310
18315
18323
18325
18326
18338
18340
18341
18344
18348
18349
18351
18356
18369
18373
18401
18409
18409
18410
18412
18418
18421
18422
18425
18426
18432
18443
18445
18460
18466
18467
18468
18470
18485
18505
18505
18510
18511
18516
18518
18519
18524
18534
18551
18553
18554
18556
18567
18568
18569
18571
18573
18578
18584
18585
18585
18586
18590
18590
18594
18596
18606
18611
18612
18613
18615
18619
18623
18630
18634
18634
18637
18639
18639
18640
18642
18643
18643
18655
18657
18661
18672
18675
18677
18680
18680
18692
18695
18697
18700
18710
18713
18721
18728
18744
18744
18745
18751
18753
18753
18754
18759
18761
18764
18765
18777
18780
18790
18795
18795
18796
18818
18820
18820
18820
18820
18821
18830
18834
18835
18838
18842
18842
18846
18847
18849
18855
18857
18862
18882
18889
18890
18891
18894
18894
18895
18897
18909
18921
18922
18928
18928
18931
18937
18938
18942
18947
18956
18961
18963
18964
18965
18969
18972
18972
18973
18976
18981
18987
18989
18998
18998
19002
19005
19014
19016
19017
19027
19030
19032
19034
19038
19045
19047
19057
19058
19063
19068
19068
19076
19078
19081
19081
19083
19086
19093
19096
19096
19096
19101
19102
19103
19104
19115
19115
19117
19124
19135
19140
19141
19149
19149
19155
19159
19169
19171
19177
19182
19183
19189
19191
19207
19211
19212
19215
19225
19239
19245
19251
19253
19254
19256
19267
19271
19274
19275
19277
19288
19292
19296
19299
19304
19304
19305
19306
19306
19307
19313
19316
19317
19326
19327
19330
19330
19332
19336
19336
19340
19341
19343
19345
19346
19346
19349
19350
19350
19359
19363
19367
19369
19371
19371
19374
19378
19382
19382
19382
19387
19396
19397
19398
19401
19404
19405
19414
19416
19427
19434
19435
19437
19438
19442
19451
19454
19459
19459
19459
19462
19463
19481
19487
19494
19494
19498
19501
19501
19505
19509
19511
19516
19516
19520
19525
19528
19528
19529
19530
19534
19548
19550
19551
19553
19554
19560
19561
19567
19568
19569
19572
19576
19583
19589
19592
19595
19599
19599
19602
19610
19611
19615
19620
19620
19626
19632
19638
19641
19646
19647
19651
19653
19654
19663
19669
19674
19678
19681
19687
19690
19695
19697
19702
19704
19708
19711
19712
19713
19713
19720
19720
19723
19725
19736
19738
19746
19750
19751
19754
19755
19756
19757
19758
19761
19762
19766
19768
19768
19780
19787
19788
19789
19789
19790
19792
19795
19797
19800
19804
19806
19810
19818
19820
19826
19830
19838
19840
19843
19845
19846
19846
19851
19853
19854
19858
19861
19862
19868
19870
19872
19877
19887
19889
19896
19908
19912
19914
19915
19917
19917
19922
19926
19937
19946
19948
19949
19950
19954
19959
19959
19966
19966
19971
19973
19977
19980
19981
19986
19987
19991
19997
19998
19998
20007
20015
20025
20025
20027
20030
20031
20033
20033
20038
20046
20049
20050
20051
20057
20059
20059
20059
20064
20069
20069
20070
20073
20078
20079
20080
20080
20081
20085
20092
20094
20095
20097
20098
20104
20110
20114
20120
20130
20132
20138
20143
20150
20151
20155
20161
20166
20167
20175
20179
20180
20180
20183
20185
20186
20186
20187
20188
20189
20196
20201
20205
20211
20212
20212
20216
20217
20219
20219
20220
20223
20229
20245
20252
20254
20255
20257
20260
20262
20270
20271
20279
20285
20287
20287
20290
20295
20297
20299
20302
20310
20314
20316
20325
20336
20345
20347
20349
20349
20350
20352
20371
20379
20403
20415
20416
20416
20418
20419
20423
20424
20437
20441
20443
20443
20446
20458
20461
20465
20466
20469
20471
20479
20482
20483
20486
20493
20494
20497
20499
20501
20509
20514
20515
20521
20528
20534
20538
20541
20542
20544
20549
20551
20552
20553
20555
20556
20560
20565
20573
20575
20581
20582
20585
20586
20589
20595
20596
20600
20605
20612
20616
20622
20623
20623
20639
20645
20649
20651
20664
20665
20672
20674
20678
20679
20679
20689
20692
20693
20693
20697
20700
20703
20703
20706
20710
20719
20726
20731
20748
20750
20753
20756
20756
20757
20763
20763
20764
20766
20779
20784
20786
20788
20795
20803
20807
20817
20826
20827
20831
20832
20834
20837
20840
20848
20854
20857
20861
20863
20863
20864
20868
20869
20870
20872
20873
20877
20885
20886
20888
20895
20897
20898
20899
20919
20922
20928
20938
20938
20939
20940
20943
20948
20962
20969
20969
20970
20973
20975
20977
20979
20980
20983
20996
20997
20997
21018
21019
21021
21025
21038
21038
21051
21071
21074
21077
21087
21094
21096
21097
21098
21105
21106
21115
21121
21121
21124
21126
21131
21135
21138
21142
21143
21145
21153
21155
21162
21165
21168
21173
21174
21178
21185
21188
21191
21199
21202
21214
21216
21225
21226
21239
21248
21248
21249
21258
21259
21261
21264
21269
21274
21283
21287
21291
21292
21294
21295
21297
21297
21297
21299
21306
21311
21312
21313
21316
21316
21324
21326
21327
21335
21342
21344
21345
21348
21355
21356
21360
21364
21364
21365
21368
21371
21383
21387
21395
21396
21401
21407
21421
21421
21424
21424
21427
21430
21431
21446
21450
21465
21470
21471
21472
21477
21479
21480
21481
21487
21489
21490
21498
21500
21501
21508
21531
21540
21545
21555
21570
21570
21573
21575
21581
21583
21583
21587
21598
21602
21607
21618
21622
21625
21626
21640
21640
21641
21643
21647
21657
21657
21665
21667
21679
21681
21683
21689
21690
21694
21696
21698
21700
21705
21711
21717
21721
21725
21726
21726
21728
21738
21747
21757
21758
21760
21761
21762
21769
21771
21775
21777
21777
21780
21782
21787
21790
21792
21799
21800
21803
21805
21807
21808
21812
21819
21824
21829
21832
21835
21836
21838
21840
21841
21849
21851
21853
21855
21864
21866
21866
21866
21870
21881
21882
21892
21902
21902
21908
21911
21912
21922
21925
21926
21927
21934
21936
21937
21941
21943
21957
21960
21962
21963
21970
21972
21974
21975
21977
21979
21983
21990
21990
21996
22014
22025
22028
22029
22030
22034
22036
22038
22038
22041
22042
22045
22050
22050
22056
22061
22062
22063
22064
22067
22071
22074
22074
22077
22080
22095
22099
22105
22105
22107
22117
22122
22125
22127
22129
22144
22144
22144
22150
22157
22161
22167
22175
22179
22187
22195
22199
22202
22203
22210
22212
22222
22224
22224
22228
22237
22237
22238
22243
22247
22256
22258
22273
22283
22291
22299
22300
22305
22308
22309
22310
22314
22316
22317
22322
22333
22344
22350
22353
22364
22365
22371
22374
22374
22382
22382
22387
22396
22398
22400
22409
22413
22413
22418
22419
22419
22425
22426
22431
22431
22434
22435
22443
22449
22454
22460
22460
22465
22470
22470
22474
22476
22476
22487
22489
22497
22500
22506
22506
22513
22515
22516
22519
22521
22522
22524
22531
22541
22547
22553
22556
22558
22558
22559
22560
22562
22571
22577
22580
22591
22595
22602
22602
22605
22608
22610
22612
22614
22614
22618
22619
22621
22625
22633
22637
22638
22641
22648
22651
22671
22674
22679
22689
22691
22692
22693
22695
22697
22703
22705
22706
22707
22709
22710
22715
22719
22724
22728
22737
22738
22738
22740
22751
22755
22757
22762
22778
22779
22782
22785
22787
22788
22789
22796
22796
22813
22814
22816
22821
22821
22833
22834
22842
22850
22857
22858
22864
22865
22867
22870
22890
22892
22897
22897
22899
22901
22903
22907
22908
22909
22916
22918
22919
22919
22926
22929
22938
22939
22942
22945
22952
22953
22955
22962
22962
22975
22976
22977
22979
22983
22991
22992
22998
23001
23005
23006
23009
23009
23011
23019
23025
23026
23029
23029
23031
23034
23039
23042
23054
23057
23065
23067
23068
23075
23081
23082
23090
23114
23114
23125
23128
23131
23135
23135
23136
23154
23155
23158
23160
23161
23173
23178
23182
23184
23185
23194
23206
23211
23212
23213
23216
23216
23218
23223
23226
23232
23233
23233
23234
23236
23242
23245
23246
23248
23248
23250
23262
23274
23278
23290
23291
23301
23303
23304
23309
23320
23321
23322
23323
23327
23339
23342
23343
23343
23347
23348
23349
23350
23350
23355
23357
23359
23362
23364
23368
23372
23373
23378
23383
23384
23385
23388
23397
23399
23401
23403
23405
23407
23409
23413
23414
23417
23424
23432
23442
23449
23452
23452
23460
23463
23466
23469
23469
23471
23473
23473
23474
23475
23478
23478
23484
23491
23495
23506
23507
23517
23519
23522
23528
23529
23540
23540
23544
23547
23549
23559
23560
23560
23566
23572
23573
23576
23584
23592
23602
23604
23610
23614
23619
23624
23628
23635
23636
23637
23638
23640
23646
23646
23651
23662
23662
23667
23667
23671
23672
23675
23687
23690
23695
23695
23698
23700
23714
23718
23731
23733
23733
23748
23750
23750
23763
23765
23767
23771
23772
23790
23793
23802
23808
23808
23817
23818
23819
23822
23823
23825
23832
23836
23847
23854
23860
23866
23868
23880
23889
23904
23904
23904
23909
23912
23912
23925
23937
23945
23946
23946
23948
23954
23955
23956
23957
23960
23961
23965
23974
23976
23977
23977
23980
23980
23982
23987
23992
23993
23994
23996
23999
23999
24007
24007
24010
24019
24020
24029
24038
24045
24048
24050
24054
24063
24083
24084
24087
24091
24093
24097
24117
24119
24121
24123
24123
24124
24126
24135
24135
24136
24142
24144
24149
24151
24152
24154
24154
24157
24161
24164
24173
24181
24181
24182
24187
24193
24201
24208
24210
24212
24219
24220
24220
24221
24226
24226
24231
24237
24241
24244
24246
24247
24251
24262
24268
24273
24275
24276
24277
24280
24282
24284
24304
24310
24310
24317
24319
24319
24326
24337
24339
24344
24346
24349
24357
24360
24369
24369
24370
24374
24376
24379
24383
24388
24390
24394
24399
24402
24403
24403
24407
24411
24413
24418
24421
24432
24434
24434
24437
24447
24450
24450
24469
24471
24477
24485
24487
24488
24492
24493
24493
24496
24496
24500
24503
24504
24505
24514
24522
24526
24529
24530
24533
24542
24548
24549
24551
24552
24552
24557
24557
24565
24566
24570
24571
24587
24594
24596
24597
24600
24605
24638
24639
24640
24642
24645
24648
24651
24656
24657
24659
24663
24668
24683
24687
24688
24691
24706
24714
24718
24719
24729
24731
24739
24741
24755
24758
24762
24764
24765
24767
24769
24771
24776
24778
24779
24785
24788
24788
24795
24796
24797
24801
24803
24804
24811
24811
24815
24822
24823
24824
24825
24831
24832
24834
24837
24849
24849
24852
24852
24853
24854
24861
24862
24866
24870
24870
24885
24888
24889
24889
24892
24893
24893
24894
24896
24899
24900
24903
24907
24914
24915
24915
24915
24916
24928
24929
24929
24930
24931
24936
24943
24944
24944
24948
24949
24955
24956
24956
24960
24977
24977
24978
24980
24981
24981
24982
24989
24989
24996
24999
25010
25010
25012
25012
25014
25018
25028
25029
25030
25050
25053
25056
25058
25065
25067
25071
25072
25079
25083
25085
25085
25087
25087
25088
25109
25109
25110
25112
25115
25120
25122
25124
25127
25127
25144
25146
25151
25151
25160
25160
25165
25188
25192
25197
25203
25212
25218
25220
25223
25231
25232
25235
25242
25251
25254
25265
25270
25276
25280
25293
25294
25295
25297
25299
25306
25311
25315
25316
25318
25335
25336
25339
25340
25344
25345
25346
25346
25350
25351
25356
25359
25362
25362
25365
25368
25375
25387
25398
25402
25404
25405
25405
25405
25410
25417
25417
25418
25418
25420
25421
25427
25428
25432
25437
25443
25446
25448
25453
25456
25457
25462
25463
25465
25474
25480
25481
25490
25491
25496
25498
25498
25499
25507
25509
25520
25527
25528
25528
25540
25546
25547
25548
25552
25557
25558
25563
25564
25580
25580
25582
25591
25592
25593
25599
25602
25604
25607
25612
25613
25617
25619
25623
25634
25639
25641
25644
25644
25646
25646
25647
25649
25652
25654
25655
25658
25661
25668
25670
25679
25680
25683
25685
25685
25686
25698
25702
25708
25708
25720
25724
25732
25745
25754
25755
25755
25756
25758
25764
25766
25774
25791
25794
25796
25796
25802
25804
25805
25808
25809
25814
25817
25824
25828
25835
25849
25861
25865
25866
25869
25876
25879
25886
25890
25892
25892
25910
25913
25913
25915
25919
25926
25926
25926
25928
25935
25937
25941
25948
25948
25954
25958
25964
25972
25974
25975
25977
25987
25988
25990
25994
25997
26003
26004
26008
26010
26015
26019
26022
26024
26027
26028
26029
26032
26036
26038
26043
26045
26046
26050
26056
26064
26065
26065
26077
26078
26078
26079
26088
26092
26093
26094
26104
26117
26119
26121
26124
26125
26130
26131
26132
26139
26150
26151
26153
26155
26157
26160
26162
26162
26163
26167
26173
26173
26174
26177
26178
26181
26195
26199
26204
26204
26208
26208
26210
26211
26221
26225
26227
26229
26233
26233
26247
26254
26256
26261
26271
26271
26282
26285
26296
26307
26318
26323
26325
26343
26344
26344
26348
26349
26350
26350
26354
26354
26356
26358
26361
26373
26375
26375
26382
26398
26401
26402
26408
26411
26417
26422
26422
26432
26440
26451
26454
26457
26460
26462
26463
26463
26465
26465
26473
26476
26477
26479
26485
26502
26505
26516
26526
26529
26531
26533
26536
26548
26562
26564
26567
26580
26583
26590
26590
26593
26597
26607
26609
26609
26619
26621
26622
26622
26624
26626
26627
26628
26635
26645
26648
26648
26651
26653
26656
26657
26661
26662
26663
26664
26665
26666
26677
26679
26685
26685
26690
26694
26704
26708
26717
26721
26723
26724
26726
26727
26737
26745
26751
26752
26754
26757
26758
26760
26766
26769
26770
26773
26781
26787
26787
26790
26794
26799
26800
26817
26824
26827
26830
26832
26832
26834
26836
26840
26844
26848
26860
26866
26869
26871
26871
26872
26875
26881
26884
26888
26890
26896
26899
26902
26914
26925
26927
26931
26933
26934
26936
26938
26940
26945
26947
26948
26949
26949
26952
26960
26963
26964
26966
26968
26971
26976
26985
26991
26992
26992
27002
27004
27006
27009
27017
27020
27027
27027
27029
27029
27031
27039
27041
27050
27054
27057
27063
27074
27077
27077
27081
27088
27090
27093
27098
27100
27112
27120
27122
27128
27131
27133
27133
27135
27135
27137
27139
27141
27145
27153
27153
27153
27180
27193
27208
27209
27209
27214
27223
27228
27237
27239
27244
27246
27248
27249
27252
27259
27266
27267
27269
27273
27273
27276
27277
27280
27280
27291
27293
27293
27297
27311
27312
27317
27321
27321
27325
27332
27349
27351
27357
27361
27363
27374
27377
27378
27384
27389
27393
27394
27395
27400
27403
27404
27410
27411
27411
27412
27412
27423
27427
27430
27431
27432
27433
27436
27437
27445
27455
27455
27457
27461
27467
27471
27473
27475
27476
27481
27488
27490
27492
27498
27507
27511
27515
27521
27523
27531
27532
27535
27535
27540
27544
27545
27553
27558
27561
27561
27568
27571
27573
27576
27583
27589
27599
27602
27607
27626
27627
27631
27632
27633
27638
27642
27653
27662
27666
27667
27669
27672
27673
27675
27677
27678
27678
27680
27682
27687
27692
27694
27715
27716
27719
27723
27724
27728
27729
27731
27740
27741
27743
27749
27752
27755
27764
27773
27775
27777
27791
27794
27800
27802
27803
27806
27813
27816
27827
27833
27838
27844
27847
27851
27852
27861
27865
27870
27872
27881
27881
27882
27884
27887
27899
27899
27910
27914
27922
27923
27925
27927
27933
27946
27947
27949
27950
27960
27966
27966
27967
27970
27972
27978
27985
28002
28003
28003
28004
28011
28021
28031
28037
28038
28046
28049
28049
28055
28061
28064
28066
28070
28072
28073
28079
28083
28086
28095
28095
28096
28102
28103
28106
28115
28120
28121
28122
28122
28128
28132
28135
28141
28143
28147
28148
28171
28177
28188
28189
28196
28196
28197
28213
28214
28215
28217
28224
28226
28228
28239
28244
28254
28255
28257
28258
28258
28262
28282
28284
28287
28292
28333
28339
28342
28350
28351
28352
28353
28357
28363
28363
28372
28374
28377
28382
28385
28394
28395
28400
28410
28413
28415
28416
28424
28425
28429
28429
28432
28435
28438
28444
28455
28458
28458
28462
28469
28473
28475
28477
28484
28488
28489
28495
28497
28499
28503
28517
28520
28524
28525
28527
28530
28531
28537
28559
28561
28561
28562
28565
28565
28569
28576
28579
28582
28582
28584
28591
28592
28593
28596
28601
28603
28609
28613
28623
28628
28632
28636
28642
28650
28651
28659
28663
28664
28664
28665
28669
28670
28670
28671
28674
28674
28677
28684
28694
28697
28705
28707
28719
28725
28726
28733
28750
28750
28759
28759
28761
28776
28778
28779
28783
28794
28798
28799
28803
28804
28806
28806
28811
28814
28816
28818
28819
28844
28844
28846
28854
28856
28868
28875
28881
28884
28884
28886
28886
28890
28890
28908
28910
28911
28912
28916
28924
28929
28935
28938
28943
28944
28948
28954
28961
28962
28962
28968
28970
28978
28982
28992
28992
28998
28999
29001
29008
29015
29032
29033
29033
29043
29044
29049
29050
29053
29055
29064
29065
29068
29071
29076
29090
29090
29095
29099
29100
29102
29114
29118
29121
29123
29128
29151
29151
29162
29168
29172
29173
29175
29179
29185
29185
29186
29190
29192
29193
29194
29201
29204
29204
29205
29208
29219
29220
29225
29229
29231
29233
29235
29236
29237
29239
29240
29246
29251
29254
29258
29262
29264
29268
29273
29274
29274
29278
29279
29288
29289
29289
29289
29294
29297
29299
29301
29302
29307
29314
29315
29323
29323
29325
29332
29332
29334
29334
29337
29339
29340
29341
29344
29356
29357
29359
29363
29364
29365
29366
29374
29376
29384
29384
29386
29386
29388
29391
29391
29393
29397
29397
29399
29400
29405
29409
29414
29414
29418
29420
29432
29433
29435
29443
29443
29445
29446
29447
29447
29449
29449
29449
29453
29459
29459
29460
29460
29461
29466
29468
29468
29482
29483
29495
29504
29505
29510
29516
29520
29521
29521
29525
29537
29544
29549
29550
29550
29556
29566
29568
29572
29578
29580
29580
29583
29585
29594
29604
29611
29613
29614
29614
29617
29619
29620
29625
29626
29630
29630
29631
29632
29644
29645
29645
29648
29663
29666
29668
29668
29671
29679
29683
29686
29687
29688
29688
29690
29691
29695
29702
29706
29707
29708
29716
29718
29719
29719
29734
29743
29747
29750
29759
29762
29764
29765
29777
29779
29780
29786
29786
29799
29800
29808
29816
29828
29834
29837
29837
29839
29844
29845
29848
29850
29853
29857
29867
29871
29872
29873
29875
29877
29878
29886
29892
29895
29895
29896
29896
29898
29898
29900
29903
29904
29909
29910
29921
29922
29935
29939
29952
29953
29954
29958
29959
29965
29971
29974
29981
29982
29986
29988
29990
30002
30004
30011
30033
30033
30042
30044
30045
30051
30057
30059
30060
30061
30066
30069
30073
30075
30077
30077
30079
30084
30088
30098
30101
30101
30102
30111
30116
30123
30128
30146
30149
30157
30159
30162
30164
30175
30183
30184
30184
30196
30197
30202
30203
30207
30210
30213
30214
30215
30231
30231
30236
30251
30251
30255
30255
30256
30256
30257
30263
30266
30279
30279
30287
30294
30296
30298
30300
30305
30313
30320
30321
30324
30325
30349
30349
30357
30360
30364
30384
30387
30391
30391
30395
30402
30408
30420
30420
30434
30436
30436
30437
30443
30443
30450
30451
30456
30459
30460
30467
30475
30479
30486
30487
30497
30498
30502
30505
30511
30514
30525
30531
30535
30535
30538
30542
30543
30547
30553
30557
30557
30558
30564
30570
30573
30578
30582
30582
30594
30603
30604
30609
30610
30613
30619
30626
30636
30638
30641
30646
30648
30655
30657
30658
30668
30669
30672
30672
30674
30676
30694
30705
30707
30724
30728
30734
30742
30745
30750
30752
30754
30758
30760
30763
30764
30765
30774
30777
30777
30785
30785
30791
30792
30804
30807
30808
30809
30816
30816
30816
30817
30820
30828
30830
30832
30840
30844
30852
30852
30854
30855
30858
30859
30868
30869
30871
30872
30873
30875
30879
30883
30885
30886
30889
30890
30892
30898
30900
30901
30904
30905
30918
30922
30923
30926
30928
30931
30931
30932
30944
30944
30947
30948
30950
30956
30958
30960
30968
30977
30986
30991
31002
31010
31021
31023
31024
31029
31030
31032
31033
31057
31060
31062
31063
31075
31077
31093
31096
31103
31117
31118
31121
31122
31122
31126
31126
31130
31144
31146
31146
31150
31150
31151
31151
31151
31157
31160
31168
31169
31169
31174
31179
31180
31199
31202
31206
31217
31218
31219
31228
31229
31230
31232
31236
31246
31251
31263
31265
31265
31270
31273
31285
31287
31288
31290
31293
31296
31296
31296
31298
31301
31301
31303
31304
31305
31316
31317
31321
31324
31325
31326
31327
31328
31328
31328
31337
31347
31365
31370
31371
31379
31382
31388
31390
31393
31393
31397
31402
31412
31416
31416
31441
31443
31446
31451
31458
31463
31464
31466
31471
31472
31475
31477
31495
31498
31502
31506
31519
31520
31523
31531
31532
31533
31534
31540
31544
31545
31546
31549
31550
31552
31560
31561
31570
31574
31574
31578
31592
31593
31603
31604
31604
31612
31617
31620
31620
31621
31622
31626
31628
31628
31629
31633
31633
31635
31637
31642
31652
31656
31657
31668
31676
31676
31678
31683
31693
31694
31697
31699
31702
31709
31713
31717
31717
31718
31718
31720
31733
31734
31738
31742
31760
31765
31767
31767
31773
31774
31779
31780
31783
31786
31786
31789
31790
31801
31801
31810
31811
31821
31822
31824
31826
31832
31832
31833
31833
31836
31838
31844
31845
31855
31870
31895
31921
31924
31928
31933
31935
31938
31938
31941
31944
31945
31946
31947
31955
31958
31962
31970
31973
31974
31979
31983
31984
31988
31993
31994
31996
32004
32009
32010
32011
32011
32012
32016
32017
32030
32031
32034
32038
32054
32064
32066
32067
32072
32075
32086
32099
32103
32103
32107
32109
32112
32114
32116
32120
32129
32129
32131
32141
32142
32142
32143
32147
32148
32148
32150
32154
32160
32162
32165
32168
32169
32172
32176
32177
32184
32184
32188
32190
32211
32211
32215
32220
32228
32235
32249
32250
32256
32262
32271
32295
32310
32316
32317
32323
32326
32326
32328
32329
32348
32351
32356
32363
32364
32364
32364
32365
32365
32366
32368
32370
32379
32380
32385
32395
32396
32398
32403
32405
32411
32416
32418
32422
32426
32432
32436
32436
32437
32445
32445
32447
32454
32458
32461
32467
32470
32473
32474
32477
32477
32482
32483
32489
32490
32492
32501
32503
32519
32519
32520
32525
32531
32537
32542
32542
32546
32555
32556
32569
32576
32580
32581
32584
32586
32590
32598
32603
32605
32613
32615
32619
32620
32625
32630
32635
32636
32636
32638
32638
32643
32653
32662
32665
32670
32672
32672
32677
32681
32685
32687
32689
32689
32697
32699
32702
32714
32715
32718
32727
32729
32730
32734
32736
32744
32745
32750
32761
32762
32776
32780
32786
32794
32795
32798
32800
32800
32801
32805
32808
32809
32811
32813
32825
32827
32833
32836
32836
32837
32839
32846
32855
32857
32866
32872
32873
32878
32887
32889
32905
32906
32918
32919
32922
32924
32926
32927
32927
32942
32951
32955
32956
32967
32967
32968
32976
32986
32989
32990
32993
32995
32995
33002
33010
33010
33010
33011
33016
33019
33026
33032
33033
33036
33037
33039
33043
33044
33050
33051
33057
33067
33068
33068
33079
33080
33080
33083
33088
33089
33091
33092
33109
33114
33118
33121
33122
33125
33125
33127
33130
33133
33136
33148
33150
33153
33154
33162
33163
33165
33172
33174
33175
33176
33177
33178
33183
33186
33187
33193
33196
33197
33205
33208
33213
33216
33222
33228
33232
33234
33238
33247
33253
33254
33261
33264
33267
33268
33279
33281
33282
33285
33294
33297
33309
33317
33322
33322
33325
33327
33338
33342
33345
33353
33355
33355
33358
33364
33365
33374
33378
33380
33391
33392
33394
33394
33402
33404
33409
33409
33409
33413
33424
33427
33431
33437
33443
33459
33460
33463
33470
33473
33479
33489
33500
33508
33508
33515
33515
33530
33535
33539
33552
33554
33561
33562
33573
33573
33578
33578
33588
33591
33593
33593
33597
33602
33607
33620
33621
33623
33627
33634
33636
33644
33646
33648
33657
33668
33668
33670
33671
33674
33674
33681
33685
33688
33702
33709
33710
33711
33712
33716
33723
33733
33745
33746
33752
33752
33753
33758
33758
33763
33773
33779
33783
33785
33785
33786
33793
33798
33800
33802
33802
33805
33814
33827
33831
33831
33833
33838
33844
33846
33849
33850
33857
33860
33862
33863
33874
33886
33887
33893
33894
33900
33903
33907
33909
33911
33911
33912
33913
33914
33916
33917
33918
33918
33921
33921
33932
33938
33939
33940
33942
33946
33947
33954
33955
33958
33972
33974
33981
33981
33982
33988
33989
34000
34009
34017
34022
34031
34032
34034
34035
34037
34039
34044
34048
34052
34054
34062
34070
34073
34078
34085
34086
34087
34091
34091
34100
34105
34105
34106
34108
34108
34109
34116
34117
34117
34118
34122
34124
34133
34137
34138
34141
34141
34143
34144
34145
34146
34150
34153
34158
34159
34162
34167
34178
34200
34202
34202
34205
34207
34234
34236
34239
34240
34242
34254
34257
34261
34262
34266
34274
34281
34283
34291
34293
34295
34296
34299
34302
34309
34309
34310
34313
34320
34328
34330
34333
34335
34338
34340
34342
34344
34346
34349
34351
34358
34359
34363
34370
34370
34373
34374
34375
34392
34399
34399
34403
34404
34405
34412
34422
34422
34424
34429
34430
34437
34441
34446
34448
34462
34463
34463
34466
34468
34470
34470
34470
34471
34472
34473
34475
34487
34487
34488
34499
34499
34503
34504
34505
34512
34516
34524
34529
34543
34552
34553
34559
34560
34563
34567
34567
34571
34573
34574
34577
34584
34584
34585
34589
34590
34595
34600
34603
34610
34611
34611
34612
34612
34615
34618
34618
34621
34626
34628
34636
34636
34639
34640
34640
34641
34647
34653
34660
34664
34665
34666
34667
34668
34670
34670
34672
34674
34676
34683
34698
34703
34705
34706
34707
34710
34711
34711
34712
34714
34717
34720
34724
34726
34728
34729
34735
34737
34740
34744
34746
34747
34749
34750
34751
34755
34757
34758
34758
34765
34774
34777
34783
34789
34789
34793
34798
34801
34808
34809
34810
34812
34816
34819
34821
34826
34826
34841
34846
34857
34858
34859
34862
34864
34868
34882
34888
34889
34890
34890
34892
34894
34901
34909
34909
34913
34915
34919
34928
34935
34935
34935
34939
34943
34944
34950
34950
34964
34964
34971
34978
34979
34982
34984
34992
34995
34996
34996
34997
34998
35009
35012
35016
35022
35023
35027
35033
35041
35042
35044
35046
35051
35055
35063
35064
35065
35065
35066
35066
35083
35089
35090
35114
35120
35120
35136
35136
35148
35152
35160
35176
35176
35183
35186
35186
35188
35193
35199
35200
35200
35209
35210
35211
35215
35216
35227
35228
35231
35232
35235
35237
35240
35242
35245
35252
35254
35262
35268
35269
35270
35276
35276
35279
35280
35283
35283
35289
35291
35295
35297
35298
35307
35309
35313
35314
35319
35322
35324
35332
35340
35343
35347
35348
35351
35353
35358
35375
35384
35385
35386
35387
35389
35390
35394
35394
35394
35397
35402
35405
35411
35413
35418
35423
35433
35433
35437
35439
35443
35454
35457
35462
35462
35463
35463
35465
35471
35473
35473
35478
35482
35485
35488
35490
35498
35501
35504
35516
35516
35517
35523
35539
35543
35543
35571
35573
35573
35578
35581
35582
35583
35588
35593
35593
35598
35602
35605
35606
35608
35615
35623
35628
35632
35647
35656
35656
35656
35658
35660
35667
35668
35675
35678
35686
35688
35697
35699
35708
35710
35725
35728
35744
35745
35751
35757
35757
35760
35762
35762
35762
35768
35775
35783
35785
35793
35800
35800
35802
35808
35808
35811
35813
35814
35818
35823
35829
35834
35840
35849
35853
35854
35854
35856
35857
35862
35864
35866
35873
35874
35875
35875
35877
35879
35883
35885
35886
35891
35892
35893
35896
35897
35902
35906
35907
35908
35909
35909
35918
35925
35937
35938
35945
35948
35956
35956
35968
35971
35972
35982
35984
36011
36014
36033
36035
36041
36042
36045
36047
36048
36051
36051
36061
36063
36070
36075
36075
36081
36082
36083
36085
36090
36092
36100
36101
36112
36119
36120
36122
36128
36134
36134
36144
36152
36160
36164
36172
36175
36177
36184
36184
36201
36204
36207
36209
36218
36218
36219
36232
36240
36252
36254
36255
36258
36260
36270
36275
36277
36278
36283
36286
36288
36296
36299
36304
36306
36307
36309
36310
36313
36329
36331
36332
36333
36343
36349
36353
36357
36357
36368
36371
36382
36393
36396
36404
36405
36408
36423
36426
36429
36439
36441
36445
36447
36448
36449
36451
36454
36475
36481
36489
36489
36496
36509
36529
36530
36535
36541
36544
36548
36552
36552
36553
36553
36554
36556
36569
36571
36575
36576
36578
36589
36593
36600
36608
36609
36610
36612
36615
36620
36624
36628
36637
36638
36638
36639
36644
36646
36648
36650
36651
36654
36658
36659
36662
36664
36676
36682
36682
36686
36689
36690
36692
36693
36694
36694
36699
36701
36705
36706
36711
36720
36720
36723
36724
36733
36748
36754
36764
36774
36782
36783
36786
36788
36788
36792
36795
36797
36797
36809
36811
36819
36822
36823
36825
36830
36835
36851
36853
36860
36861
36865
36869
36876
36879
36886
36896
36900
36902
36903
36904
36904
36908
36910
36912
36913
36914
36915
36919
36928
36933
36937
36939
36941
36942
36947
36965
36976
36992
36994
36999
37002
37005
37010
37016
37019
37026
37034
37034
37042
37045
37048
37049
37054
37058
37059
37062
37071
37077
37080
37081
37082
37083
37085
37085
37085
37096
37097
37097
37097
37098
37113
37115
37129
37129
37130
37137
37138
37142
37147
37150
37155
37169
37175
37176
37178
37181
37184
37192
37193
37194
37201
37201
37202
37205
37218
37219
37220
37223
37225
37249
37250
37257
37260
37262
37264
37271
37276
37277
37285
37292
37294
37296
37306
37316
37317
37319
37332
37333
37335
37337
37338
37343
37344
37346
37347
37347
37350
37351
37351
37354
37356
37367
37374
37376
37394
37398
37399
37408
37409
37413
37414
37429
37438
37441
37443
37449
37454
37479
37482
37490
37492
37495
37500
37519
37519
37520
37520
37522
37525
37527
37528
37528
37534
37542
37545
37547
37548
37558
37563
37569
37569
37572
37578
37584
37586
37589
37594
37604
37607
37608
37609
37613
37613
37617
37619
37622
37622
37622
37622
37626
37626
37627
37634
37645
37645
37646
37647
37648
37651
37651
37654
37655
37659
37663
37665
37673
37674
37677
37677
37681
37691
37692
37699
37700
37706
37707
37710
37711
37711
37720
37726
37728
37729
37730
37731
37734
37734
37736
37739
37752
37753
37757
37762
37765
37770
37771
37774
37777
37778
37780
37781
37781
37783
37786
37786
37787
37792
37799
37811
37811
37812
37821
37822
37822
37835
37839
37848
37850
37859
37864
37867
37867
37869
37871
37871
37878
37882
37882
37884
37894
37898
37900
37907
37907
37913
37917
37917
37920
37921
37921
37924
37924
37928
37929
37936
37936
37938
37943
37945
37948
37948
37951
37951
37961
37966
37968
37971
37977
37981
37987
37989
37995
37996
37996
37997
38003
38005
38011
38014
38021
38030
38034
38041
38044
38045
38052
38053
38063
38064
38072
38074
38081
38086
38087
38095
38107
38107
38113
38117
38121
38124
38129
38134
38136
38142
38144
38144
38145
38150
38152
38153
38154
38157
38160
38164
38164
38166
38166
38167
38172
38172
38173
38176
38180
38183
38187
38188
38189
38197
38203
38205
38207
38209
38210
38210
38211
38213
38221
38227
38229
38235
38240
38243
38248
38257
38258
38261
38262
38263
38269
38270
38276
38277
38278
38279
38283
38294
38295
38295
38306
38309
38309
38318
38321
38323
38323
38330
38331
38331
38334
38334
38341
38342
38345
38356
38361
38366
38370
38371
38371
38375
38380
38381
38389
38398
38398
38399
38399
38399
38400
38409
38416
38419
38431
38433
38434
38444
38445
38454
38457
38459
38461
38464
38469
38469
38471
38472
38474
38474
38477
38477
38479
38481
38485
38495
38504
38505
38511
38517
38518
38519
38523
38537
38538
38542
38548
38548
38561
38563
38566
38568
38570
38572
38576
38579
38585
38586
38586
38589
38589
38592
38596
38598
38598
38601
38607
38609
38609
38611
38611
38616
38618
38624
38625
38626
38635
38637
38640
38647
38649
38655
38660
38665
38667
38670
38670
38671
38675
38678
38678
38699
38701
38706
38712
38720
38721
38722
38722
38723
38725
38725
38729
38733
38737
38737
38739
38739
38750
38750
38753
38762
38767
38768
38775
38787
38791
38796
38796
38797
38798
38816
38832
38834
38837
38841
38842
38847
38849
38850
38852
38853
38856
38858
38867
38875
38876
38879
38888
38891
38892
38894
38898
38906
38906
38910
38914
38914
38914
38922
38922
38926
38927
38932
38934
38936
38944
38944
38953
38962
38969
38970
38970
38971
38972
38975
38981
38981
38984
38985
38985
38988
38991
38992
38998
39001
39002
39003
39006
39007
39007
39008
39009
39014
39019
39023
39024
39031
39031
39034
39041
39042
39049
39050
39064
39070
39079
39084
39087
39090
39090
39093
39101
39107
39110
39117
39118
39121
39121
39122
39135
39137
39138
39138
39143
39143
39153
39156
39168
39169
39170
39175
39175
39176
39181
39182
39182
39187
39187
39189
39191
39195
39196
39201
39203
39205
39214
39216
39218
39220
39228
39229
39233
39240
39240
39240
39241
39243
39250
39257
39260
39267
39272
39274
39277
39280
39284
39288
39296
39298
39303
39304
39304
39307
39311
39313
39313
39327
39334
39334
39337
39342
39352
39354
39355
39357
39365
39366
39367
39367
39369
39369
39369
39372
39372
39378
39380
39384
39385
39389
39391
39393
39400
39406
39408
39411
39413
39418
39428
39431
39432
39436
39441
39446
39448
39451
39453
39454
39457
39461
39464
39466
39475
39491
39498
39505
39506
39514
39514
39516
39517
39517
39522
39526
39535
39537
39550
39557
39560
39564
39566
39568
39574
39578
39580
39584
39584
39585
39585
39591
39600
39603
39610
39610
39618
39629
39641
39642
39643
39646
39653
39655
39658
39666
39667
39673
39674
39678
39678
39679
39679
39680
39682
39688
39690
39697
39706
39710
39710
39728
39733
39743
39744
39748
39748
39750
39753
39759
39762
39764
39765
39766
39773
39776
39776
39777
39786
39797
39799
39800
39800
39803
39808
39811
39818
39823
39833
39840
39841
39841
39848
39850
39871
39882
39892
39899
39903
39906
39906
39906
39910
39925
39926
39928
39931
39936
39937
39939
39939
39941
39944
39953
39955
39955
39959
39962
39962
39971
39971
39977
39979
39988
39990
39991
39995
